# This 2D data provides the integral of vMF lobes on the upper hemisphere. The 
# rows correspond to values of the concentration parameter k. It has been 
# mapped to the interval [0,1] using u = log(10*k+1)/(log(10)*6), such that the
# first line (u = 0) corresponds to k = 0, and the last line (u = 1) to 
# k ~= 10^5. The other dimension (the columns) correspond to the cosine of the 
# angle between the vertical axis and the mean direction of the vMF distribution.
# The first column corresponds to a direction orthogonal to the z axis, and the 
# last column corresponds to the z axis. Each dimension is sampled linearly. 

# Resolution in K (lines) and T (columns)
R 100 100
0.500000 0.500000 0.500000 0.500000 0.500000 0.500000 0.500000 0.500000 0.500000 0.500000 0.500000 0.500000 0.500000 0.500000 0.500000 0.500000 0.500000 0.500000 0.500000 0.500000 0.500000 0.500000 0.500000 0.500000 0.500000 0.500000 0.500000 0.500000 0.500000 0.500000 0.500000 0.500000 0.500000 0.500000 0.500000 0.500000 0.500000 0.500000 0.500000 0.500000 0.500000 0.500000 0.500000 0.500000 0.500000 0.500000 0.500000 0.500000 0.500000 0.500000 0.500000 0.500000 0.500000 0.500000 0.500000 0.500000 0.500000 0.500000 0.500000 0.500000 0.500000 0.500000 0.500000 0.500000 0.500000 0.500000 0.500000 0.500000 0.500000 0.500000 0.500000 0.500000 0.500000 0.500000 0.500000 0.500000 0.500000 0.500000 0.500000 0.500000 0.500000 0.500000 0.500000 0.500000 0.500000 0.500000 0.500000 0.500000 0.500000 0.500000 0.500000 0.500000 0.500000 0.500000 0.500000 0.500000 0.500000 0.500000 0.500000 0.500000 
0.500000 0.500609 0.500615 0.500708 0.500826 0.500922 0.500889 0.500868 0.500864 0.500837 0.500851 0.500838 0.500850 0.500972 0.500990 0.501047 0.501090 0.501066 0.501064 0.501059 0.501093 0.501064 0.501124 0.501176 0.501157 0.501254 0.501340 0.501396 0.501476 0.501605 0.501648 0.501697 0.501739 0.501826 0.501923 0.501950 0.502058 0.502103 0.502122 0.502185 0.502158 0.502205 0.502338 0.502408 0.502444 0.502511 0.502530 0.502622 0.502668 0.502722 0.502746 0.502853 0.502915 0.502893 0.502822 0.502811 0.502812 0.502892 0.502855 0.502813 0.502850 0.502820 0.502852 0.502928 0.502985 0.503020 0.503018 0.503124 0.503200 0.503322 0.503345 0.503327 0.503338 0.503347 0.503324 0.503358 0.503410 0.503480 0.503628 0.503586 0.503701 0.503626 0.503604 0.503680 0.503718 0.503667 0.503697 0.503853 0.503888 0.503809 0.503919 0.504049 0.503930 0.503913 0.504028 0.503912 0.503926 0.503953 0.504041 0.504093 
0.500000 0.499501 0.499584 0.499658 0.499718 0.499734 0.499745 0.499927 0.500084 0.500213 0.500231 0.500313 0.500388 0.500515 0.500644 0.500824 0.500933 0.500952 0.501103 0.501199 0.501246 0.501314 0.501399 0.501551 0.501719 0.501785 0.501816 0.501824 0.501859 0.501861 0.501998 0.502086 0.502085 0.502126 0.502235 0.502392 0.502430 0.502455 0.502566 0.502643 0.502745 0.502861 0.502966 0.503134 0.503203 0.503302 0.503394 0.503387 0.503535 0.503634 0.503663 0.503738 0.503797 0.503796 0.503896 0.504050 0.504144 0.504214 0.504281 0.504468 0.504558 0.504587 0.504683 0.504913 0.504982 0.504953 0.504942 0.505185 0.505358 0.505528 0.505680 0.505759 0.505893 0.505962 0.506132 0.506348 0.506460 0.506717 0.506910 0.506939 0.507053 0.507106 0.507130 0.507303 0.507298 0.507414 0.507496 0.507486 0.507437 0.507541 0.507625 0.507695 0.507782 0.507722 0.507800 0.507952 0.508052 0.508081 0.508144 0.508158 
0.500000 0.499996 0.500124 0.500250 0.500364 0.500680 0.500840 0.500921 0.501081 0.501260 0.501411 0.501447 0.501585 0.501783 0.501991 0.502229 0.502418 0.502611 0.502784 0.502843 0.503012 0.503235 0.503359 0.503443 0.503559 0.503623 0.503633 0.503799 0.503893 0.504007 0.504143 0.504321 0.504524 0.504701 0.504825 0.505045 0.505225 0.505382 0.505514 0.505649 0.505702 0.505874 0.505957 0.506020 0.506229 0.506375 0.506364 0.506397 0.506596 0.506720 0.506864 0.506998 0.507216 0.507224 0.507391 0.507457 0.507535 0.507661 0.507756 0.507849 0.508027 0.508193 0.508373 0.508569 0.508656 0.508839 0.509020 0.509074 0.509280 0.509385 0.509522 0.509607 0.509690 0.509849 0.509927 0.510091 0.510216 0.510314 0.510536 0.510639 0.510650 0.510822 0.510970 0.511012 0.511231 0.511342 0.511410 0.511502 0.511741 0.511899 0.511873 0.512014 0.512294 0.512512 0.512648 0.512881 0.513000 0.512911 0.513051 0.513099 
0.500000 0.500487 0.500706 0.500837 0.501092 0.501316 0.501522 0.501678 0.501891 0.502144 0.502289 0.502441 0.502625 0.502796 0.502948 0.503163 0.503358 0.503541 0.503725 0.503921 0.504137 0.504334 0.504515 0.504689 0.504887 0.505096 0.505287 0.505404 0.505680 0.505928 0.506132 0.506439 0.506625 0.506862 0.506981 0.507030 0.507122 0.507386 0.507529 0.507803 0.507908 0.508066 0.508204 0.508493 0.508709 0.508924 0.509239 0.509376 0.509532 0.509748 0.509832 0.509973 0.510267 0.510502 0.510673 0.510896 0.511018 0.511171 0.511461 0.511686 0.511704 0.511863 0.512134 0.512237 0.512372 0.512626 0.512819 0.513057 0.513219 0.513395 0.513597 0.513699 0.513831 0.514000 0.514146 0.514204 0.514426 0.514737 0.514735 0.514930 0.515025 0.515178 0.515343 0.515593 0.515919 0.516173 0.516431 0.516670 0.516953 0.517005 0.517195 0.517338 0.517465 0.517684 0.517883 0.518089 0.518227 0.518480 0.518764 0.519014 
0.500000 0.500858 0.501071 0.501380 0.501641 0.501920 0.502199 0.502441 0.502706 0.502955 0.503301 0.503569 0.503770 0.503952 0.504209 0.504347 0.504487 0.504747 0.504921 0.505159 0.505357 0.505655 0.505844 0.506142 0.506388 0.506612 0.506818 0.507041 0.507244 0.507554 0.507691 0.507846 0.508166 0.508526 0.508801 0.509127 0.509347 0.509609 0.509886 0.510204 0.510502 0.510689 0.511028 0.511265 0.511470 0.511789 0.512195 0.512420 0.512768 0.513003 0.513320 0.513482 0.513645 0.513901 0.514219 0.514450 0.514724 0.514904 0.515220 0.515373 0.515813 0.515957 0.516295 0.516630 0.516958 0.517137 0.517444 0.517656 0.517926 0.518133 0.518423 0.518732 0.519043 0.519304 0.519487 0.519802 0.520117 0.520300 0.520552 0.520809 0.521026 0.521228 0.521528 0.521659 0.521899 0.522129 0.522366 0.522596 0.522867 0.523071 0.523271 0.523511 0.523823 0.524121 0.524430 0.524715 0.524886 0.525219 0.525410 0.525705 
0.500000 0.500112 0.500393 0.500720 0.501022 0.501378 0.501643 0.502073 0.502484 0.502808 0.503269 0.503662 0.503925 0.504159 0.504581 0.504773 0.505190 0.505509 0.505872 0.506217 0.506561 0.506816 0.507179 0.507499 0.507858 0.508212 0.508580 0.508896 0.509184 0.509616 0.509870 0.510250 0.510449 0.510777 0.511112 0.511444 0.511713 0.512135 0.512492 0.512831 0.513138 0.513392 0.513709 0.513973 0.514320 0.514642 0.515063 0.515443 0.515764 0.516120 0.516506 0.516884 0.517343 0.517633 0.518006 0.518224 0.518634 0.519075 0.519388 0.519758 0.520076 0.520433 0.520781 0.521177 0.521576 0.521807 0.522113 0.522507 0.522876 0.523161 0.523431 0.523748 0.524085 0.524303 0.524692 0.525105 0.525579 0.525888 0.526252 0.526473 0.526826 0.527147 0.527340 0.527812 0.528263 0.528804 0.529021 0.529267 0.529589 0.529982 0.530339 0.530591 0.530765 0.531121 0.531499 0.531839 0.532191 0.532513 0.532741 0.532844 
0.500000 0.499400 0.499783 0.500211 0.500560 0.500929 0.501414 0.501918 0.502401 0.502771 0.503180 0.503575 0.503986 0.504340 0.504757 0.505242 0.505644 0.506045 0.506419 0.506894 0.507347 0.507789 0.508155 0.508521 0.509062 0.509613 0.510064 0.510446 0.510906 0.511329 0.511720 0.512209 0.512626 0.513121 0.513638 0.514091 0.514472 0.514877 0.515267 0.515716 0.516049 0.516524 0.516970 0.517389 0.517726 0.518230 0.518695 0.519191 0.519689 0.520053 0.520415 0.520825 0.521260 0.521647 0.522009 0.522307 0.522729 0.523204 0.523638 0.524077 0.524560 0.525019 0.525444 0.525784 0.526170 0.526693 0.527035 0.527398 0.527933 0.528216 0.528654 0.529083 0.529466 0.529822 0.530180 0.530688 0.531133 0.531549 0.531943 0.532388 0.532795 0.533251 0.533574 0.533861 0.534355 0.534577 0.535145 0.535521 0.535995 0.536298 0.536775 0.537166 0.537502 0.538129 0.538412 0.538868 0.539497 0.540040 0.540478 0.541230 
0.500000 0.501087 0.501583 0.502115 0.502600 0.503191 0.503760 0.504280 0.504750 0.505200 0.505758 0.506286 0.506764 0.507278 0.507783 0.508319 0.508782 0.509333 0.509796 0.510363 0.510796 0.511228 0.511722 0.512177 0.512756 0.513264 0.513715 0.514307 0.514900 0.515347 0.515925 0.516452 0.517072 0.517613 0.518066 0.518569 0.518994 0.519589 0.520171 0.520736 0.521320 0.521850 0.522413 0.522859 0.523525 0.523991 0.524530 0.525023 0.525481 0.525993 0.526426 0.527036 0.527486 0.528112 0.528569 0.529146 0.529561 0.530115 0.530689 0.531124 0.531668 0.532132 0.532645 0.533211 0.533655 0.534189 0.534646 0.535154 0.535632 0.536047 0.536495 0.537100 0.537712 0.538196 0.538743 0.539239 0.539788 0.540316 0.540784 0.541265 0.541814 0.542414 0.542981 0.543539 0.544030 0.544625 0.545153 0.545575 0.545915 0.546368 0.546902 0.547436 0.547836 0.548453 0.548990 0.549427 0.549816 0.550228 0.550766 0.551055 
0.500000 0.501256 0.501884 0.502452 0.503023 0.503669 0.504273 0.504912 0.505634 0.506390 0.506971 0.507558 0.508159 0.508796 0.509351 0.509972 0.510687 0.511280 0.511868 0.512462 0.513045 0.513698 0.514333 0.515015 0.515669 0.516315 0.516879 0.517458 0.518022 0.518651 0.519249 0.519901 0.520547 0.521212 0.521796 0.522319 0.522943 0.523576 0.524228 0.524938 0.525507 0.526230 0.526833 0.527503 0.528111 0.528848 0.529419 0.530013 0.530672 0.531305 0.532023 0.532648 0.533314 0.534085 0.534680 0.535293 0.535840 0.536400 0.537052 0.537680 0.538261 0.538957 0.539608 0.540327 0.540846 0.541509 0.542167 0.542807 0.543381 0.544026 0.544557 0.545231 0.545884 0.546565 0.547111 0.547773 0.548360 0.549031 0.549707 0.550329 0.550972 0.551536 0.552174 0.552696 0.553206 0.553862 0.554446 0.555063 0.555655 0.556198 0.556763 0.557440 0.558001 0.558455 0.559103 0.559853 0.560485 0.561192 0.561664 0.562462 
0.500000 0.500366 0.501082 0.501842 0.502540 0.503331 0.504102 0.504920 0.505718 0.506455 0.507221 0.507974 0.508824 0.509633 0.510365 0.511151 0.511937 0.512705 0.513390 0.514119 0.514824 0.515553 0.516338 0.517126 0.517749 0.518544 0.519311 0.520042 0.520724 0.521474 0.522264 0.523069 0.523857 0.524653 0.525323 0.526046 0.526864 0.527639 0.528317 0.529121 0.529904 0.530682 0.531543 0.532324 0.533145 0.533821 0.534710 0.535388 0.536153 0.536942 0.537766 0.538545 0.539266 0.540062 0.540842 0.541632 0.542521 0.543317 0.544122 0.544944 0.545573 0.546245 0.547063 0.547792 0.548612 0.549360 0.550156 0.550915 0.551715 0.552363 0.553097 0.553873 0.554736 0.555525 0.556283 0.557148 0.557984 0.558832 0.559497 0.560187 0.560930 0.561641 0.562410 0.563325 0.564082 0.564777 0.565531 0.566308 0.567100 0.567830 0.568510 0.569397 0.570202 0.571008 0.571746 0.572563 0.573286 0.573994 0.574674 0.575271 
0.500000 0.500513 0.501463 0.502379 0.503196 0.504114 0.505016 0.505936 0.506813 0.507744 0.508686 0.509593 0.510474 0.511420 0.512313 0.513180 0.514125 0.515112 0.515970 0.516888 0.517737 0.518701 0.519502 0.520394 0.521386 0.522292 0.523117 0.523971 0.524830 0.525799 0.526734 0.527725 0.528574 0.529573 0.530528 0.531403 0.532426 0.533301 0.534306 0.535339 0.536251 0.537171 0.538088 0.539041 0.539920 0.540784 0.541708 0.542619 0.543523 0.544367 0.545313 0.546240 0.547200 0.548105 0.548912 0.549906 0.550806 0.551792 0.552789 0.553717 0.554463 0.555387 0.556325 0.557281 0.558182 0.559134 0.560069 0.561007 0.561955 0.562930 0.563879 0.564867 0.565762 0.566617 0.567494 0.568356 0.569267 0.570054 0.571020 0.571955 0.572801 0.573646 0.574584 0.575540 0.576372 0.577354 0.578363 0.579288 0.580302 0.581274 0.582096 0.582884 0.583732 0.584608 0.585542 0.586531 0.587632 0.588417 0.589155 0.590191 
0.500000 0.501050 0.502072 0.503171 0.504292 0.505413 0.506498 0.507632 0.508765 0.509812 0.510838 0.511889 0.512844 0.513964 0.515075 0.516039 0.517172 0.518208 0.519277 0.520354 0.521436 0.522548 0.523672 0.524697 0.525732 0.526907 0.528030 0.529210 0.530313 0.531363 0.532358 0.533446 0.534576 0.535605 0.536753 0.537861 0.538938 0.540032 0.541157 0.542290 0.543303 0.544314 0.545490 0.546475 0.547627 0.548705 0.549888 0.550916 0.552020 0.553090 0.554055 0.555057 0.556107 0.557251 0.558305 0.559347 0.560469 0.561542 0.562575 0.563656 0.564682 0.565730 0.566743 0.567837 0.568909 0.569916 0.570919 0.572055 0.573135 0.574053 0.575272 0.576416 0.577564 0.578666 0.579676 0.580673 0.581840 0.583058 0.584099 0.585092 0.586134 0.587254 0.588141 0.589325 0.590293 0.591279 0.592328 0.593410 0.594502 0.595666 0.596809 0.597813 0.598810 0.599879 0.600805 0.601906 0.603005 0.604013 0.605035 0.606037 
0.500000 0.501745 0.503030 0.504305 0.505699 0.506958 0.508146 0.509448 0.510771 0.512043 0.513409 0.514629 0.515914 0.517064 0.518308 0.519497 0.520720 0.522041 0.523342 0.524522 0.525812 0.527120 0.528309 0.529561 0.530920 0.532211 0.533401 0.534621 0.535808 0.537160 0.538478 0.539744 0.541053 0.542417 0.543587 0.544857 0.546049 0.547365 0.548689 0.549879 0.551123 0.552392 0.553682 0.554888 0.556242 0.557577 0.558860 0.560131 0.561432 0.562684 0.564017 0.565312 0.566579 0.567925 0.569210 0.570423 0.571777 0.573158 0.574422 0.575645 0.576797 0.578112 0.579295 0.580521 0.581734 0.582991 0.584186 0.585532 0.586809 0.587924 0.589098 0.590379 0.591596 0.592923 0.594100 0.595411 0.596642 0.597938 0.599144 0.600466 0.601720 0.602940 0.604055 0.605425 0.606786 0.608047 0.609345 0.610769 0.612000 0.613178 0.614408 0.615735 0.616981 0.618210 0.619701 0.620655 0.621972 0.623269 0.624636 0.625976 
0.500000 0.502176 0.503651 0.505195 0.506726 0.508247 0.509714 0.511224 0.512768 0.514365 0.515849 0.517275 0.518816 0.520305 0.521749 0.523218 0.524757 0.526099 0.527643 0.529233 0.530717 0.532100 0.533606 0.534995 0.536523 0.537988 0.539372 0.540916 0.542358 0.543768 0.545250 0.546745 0.548261 0.549719 0.551164 0.552615 0.554091 0.555633 0.557211 0.558693 0.560223 0.561602 0.563102 0.564624 0.566088 0.567683 0.569077 0.570511 0.572005 0.573456 0.574872 0.576395 0.577953 0.579537 0.581063 0.582613 0.584071 0.585477 0.587046 0.588551 0.590078 0.591567 0.593139 0.594614 0.596069 0.597669 0.599184 0.600711 0.602255 0.603713 0.605104 0.606560 0.608057 0.609443 0.610910 0.612385 0.613787 0.615168 0.616548 0.617997 0.619411 0.620924 0.622393 0.623859 0.625263 0.626697 0.628179 0.629455 0.631017 0.632332 0.633837 0.635414 0.636791 0.638203 0.639755 0.641145 0.642523 0.643890 0.645451 0.647114 
0.500000 0.501266 0.503086 0.504941 0.506751 0.508486 0.510157 0.511878 0.513599 0.515326 0.517115 0.518842 0.520688 0.522451 0.524098 0.525774 0.527552 0.529322 0.531060 0.532873 0.534619 0.536412 0.538193 0.540071 0.541860 0.543676 0.545491 0.547241 0.548998 0.550712 0.552526 0.554271 0.556007 0.557679 0.559361 0.561072 0.562829 0.564524 0.566238 0.567928 0.569696 0.571428 0.573065 0.574794 0.576478 0.578178 0.579962 0.581694 0.583373 0.585058 0.586802 0.588485 0.590259 0.592094 0.593878 0.595562 0.597326 0.599028 0.600685 0.602407 0.604233 0.605792 0.607522 0.609292 0.611097 0.612909 0.614576 0.616339 0.618083 0.619879 0.621549 0.623308 0.625079 0.626711 0.628298 0.630164 0.631971 0.633684 0.635369 0.637109 0.638664 0.640404 0.642015 0.643690 0.645395 0.647058 0.648653 0.650376 0.652072 0.653684 0.655349 0.657055 0.658779 0.660319 0.661939 0.663607 0.665263 0.667041 0.668754 0.670564 
0.500000 0.501860 0.503970 0.506082 0.508160 0.510297 0.512491 0.514507 0.516613 0.518628 0.520714 0.522842 0.524835 0.526959 0.528981 0.531100 0.533080 0.535083 0.537117 0.539214 0.541270 0.543303 0.545372 0.547325 0.549334 0.551401 0.553375 0.555526 0.557697 0.559741 0.561624 0.563742 0.565723 0.567810 0.569751 0.571722 0.573689 0.575663 0.577697 0.579787 0.581766 0.583753 0.585665 0.587721 0.589720 0.591706 0.593783 0.595753 0.597694 0.599758 0.601786 0.603683 0.605782 0.607903 0.609966 0.611939 0.613923 0.615878 0.617808 0.619847 0.621822 0.623898 0.625897 0.627776 0.629782 0.631712 0.633580 0.635510 0.637388 0.639432 0.641494 0.643458 0.645467 0.647388 0.649377 0.651349 0.653378 0.655314 0.657389 0.659284 0.661248 0.663232 0.665128 0.667204 0.669223 0.671103 0.673107 0.674975 0.676918 0.678739 0.680633 0.682579 0.684438 0.686236 0.688105 0.689835 0.691695 0.693480 0.695183 0.696842 
0.500000 0.503333 0.505714 0.508014 0.510305 0.512742 0.515204 0.517504 0.519778 0.522033 0.524415 0.526677 0.529085 0.531576 0.533972 0.536279 0.538599 0.540914 0.543346 0.545721 0.548083 0.550478 0.552945 0.555264 0.557582 0.559957 0.562246 0.564551 0.566862 0.569234 0.571485 0.573673 0.576035 0.578390 0.580561 0.582906 0.585235 0.587593 0.589927 0.592219 0.594549 0.596815 0.599129 0.601424 0.603781 0.606053 0.608431 0.610617 0.612955 0.615155 0.617381 0.619662 0.622033 0.624102 0.626515 0.628837 0.631185 0.633399 0.635633 0.637969 0.640291 0.642530 0.644840 0.647130 0.649253 0.651520 0.653744 0.655875 0.658077 0.660331 0.662546 0.664841 0.667042 0.669316 0.671486 0.673589 0.675789 0.677950 0.680248 0.682424 0.684611 0.686816 0.688978 0.691081 0.693299 0.695400 0.697540 0.699726 0.702003 0.704206 0.706429 0.708576 0.710714 0.712873 0.714983 0.717005 0.719114 0.721340 0.723602 0.725465 
0.500000 0.502900 0.505637 0.508408 0.511007 0.513867 0.516657 0.519478 0.522207 0.524783 0.527520 0.530260 0.532986 0.535696 0.538409 0.541082 0.543805 0.546558 0.549343 0.552082 0.554762 0.557434 0.560130 0.562880 0.565474 0.568100 0.570825 0.573579 0.576246 0.578938 0.581547 0.584138 0.586800 0.589422 0.592061 0.594626 0.597381 0.600017 0.602713 0.605239 0.607893 0.610468 0.613175 0.615786 0.618525 0.621104 0.623803 0.626426 0.629027 0.631615 0.634267 0.636937 0.639539 0.642100 0.644528 0.647167 0.649827 0.652474 0.655050 0.657684 0.660291 0.662853 0.665356 0.667899 0.670469 0.673010 0.675607 0.678272 0.680786 0.683295 0.685920 0.688376 0.690879 0.693257 0.695756 0.698303 0.700736 0.703179 0.705811 0.708219 0.710738 0.713331 0.715768 0.718073 0.720397 0.722872 0.725314 0.727854 0.730204 0.732722 0.735230 0.737704 0.740087 0.742256 0.744635 0.746990 0.749463 0.751673 0.754017 0.756270 
0.500000 0.502598 0.505687 0.508656 0.511788 0.514970 0.518153 0.521486 0.524660 0.527757 0.530835 0.533954 0.537075 0.540285 0.543445 0.546543 0.549613 0.552714 0.555715 0.558759 0.561857 0.564839 0.567860 0.571007 0.574092 0.577195 0.580320 0.583441 0.586455 0.589527 0.592557 0.595605 0.598770 0.601743 0.604824 0.607994 0.611048 0.614045 0.617090 0.620107 0.623119 0.626217 0.629261 0.632189 0.635206 0.638253 0.641213 0.644161 0.647169 0.650188 0.653152 0.656197 0.659121 0.662157 0.664938 0.667873 0.670764 0.673762 0.676610 0.679384 0.682276 0.685153 0.688017 0.690975 0.693840 0.696718 0.699549 0.702457 0.705351 0.708229 0.711126 0.713832 0.716753 0.719607 0.722288 0.725137 0.727887 0.730627 0.733314 0.736097 0.738785 0.741485 0.744246 0.746892 0.749587 0.752292 0.754860 0.757436 0.760091 0.762661 0.765315 0.767926 0.770520 0.772903 0.775494 0.778090 0.780635 0.783219 0.785896 0.788704 
0.500000 0.503385 0.506956 0.510547 0.514045 0.517472 0.520997 0.524474 0.528012 0.531598 0.535236 0.538795 0.542321 0.545757 0.549278 0.552818 0.556308 0.559912 0.563475 0.566980 0.570502 0.574025 0.577562 0.581154 0.584617 0.588082 0.591554 0.595064 0.598502 0.601952 0.605403 0.608721 0.612257 0.615786 0.619291 0.622793 0.626258 0.629747 0.633157 0.636607 0.639868 0.643238 0.646700 0.650141 0.653422 0.656749 0.660178 0.663572 0.666870 0.670206 0.673529 0.676894 0.680102 0.683478 0.686759 0.690014 0.693292 0.696442 0.699783 0.702991 0.706329 0.709521 0.712649 0.715917 0.719158 0.722327 0.725549 0.728755 0.731895 0.734972 0.738055 0.741197 0.744381 0.747496 0.750524 0.753506 0.756565 0.759506 0.762449 0.765456 0.768447 0.771373 0.774340 0.777236 0.780167 0.782996 0.785934 0.788867 0.791649 0.794581 0.797484 0.800330 0.803036 0.805815 0.808602 0.811128 0.813824 0.816523 0.819200 0.822200 
0.500000 0.503480 0.507442 0.511546 0.515617 0.519690 0.523649 0.527666 0.531612 0.535582 0.539634 0.543618 0.547594 0.551622 0.555588 0.559600 0.563618 0.567616 0.571593 0.575587 0.579580 0.583518 0.587495 0.591404 0.595275 0.599140 0.603044 0.607036 0.611042 0.614892 0.618797 0.622738 0.626689 0.630448 0.634246 0.638081 0.641923 0.645668 0.649585 0.653376 0.657264 0.661050 0.664826 0.668642 0.672363 0.676006 0.679768 0.683360 0.687010 0.690629 0.694374 0.697986 0.701772 0.705332 0.709100 0.712714 0.716314 0.719874 0.723423 0.726935 0.730451 0.733999 0.737405 0.740866 0.744309 0.747807 0.751404 0.754882 0.758336 0.761850 0.765213 0.768675 0.772044 0.775437 0.778792 0.782114 0.785280 0.788497 0.791744 0.794936 0.798108 0.801301 0.804371 0.807637 0.810700 0.813742 0.816840 0.819885 0.822882 0.825907 0.828959 0.831978 0.834863 0.837938 0.840724 0.843708 0.846420 0.849201 0.851884 0.854772 
0.500000 0.503986 0.508618 0.513144 0.517657 0.522126 0.526741 0.531252 0.535694 0.540211 0.544820 0.549441 0.553913 0.558398 0.562863 0.567421 0.571901 0.576438 0.580860 0.585330 0.589909 0.594384 0.598882 0.603261 0.607642 0.612091 0.616573 0.620942 0.625241 0.629693 0.633990 0.638338 0.642833 0.646924 0.651221 0.655443 0.659650 0.663902 0.668206 0.672461 0.676721 0.680904 0.685182 0.689333 0.693423 0.697589 0.701731 0.705850 0.709858 0.713950 0.718066 0.722133 0.726105 0.730171 0.734117 0.738023 0.741907 0.745873 0.749801 0.753577 0.757336 0.760998 0.764849 0.768687 0.772519 0.776177 0.779843 0.783437 0.787163 0.790816 0.794379 0.797867 0.801374 0.805015 0.808430 0.811782 0.815133 0.818536 0.821885 0.825199 0.828479 0.831751 0.834961 0.838251 0.841520 0.844727 0.847983 0.851014 0.854102 0.857096 0.860130 0.863131 0.866208 0.869123 0.872001 0.874866 0.877736 0.880713 0.883512 0.886260 
0.500000 0.504853 0.509982 0.515093 0.520057 0.525045 0.530169 0.535275 0.540467 0.545463 0.550332 0.555275 0.560390 0.565332 0.570161 0.575106 0.580166 0.584915 0.589887 0.594874 0.599806 0.604758 0.609772 0.614689 0.619667 0.624520 0.629314 0.634175 0.639054 0.643913 0.648710 0.653423 0.658221 0.663023 0.667820 0.672574 0.677234 0.681932 0.686653 0.691265 0.695876 0.700404 0.704895 0.709344 0.713880 0.718417 0.722801 0.727380 0.731718 0.736151 0.740503 0.744776 0.749068 0.753460 0.757739 0.761972 0.766224 0.770448 0.774575 0.778645 0.782622 0.786727 0.790704 0.794718 0.798702 0.802703 0.806408 0.810348 0.814172 0.818103 0.821743 0.825502 0.829183 0.832821 0.836436 0.840023 0.843609 0.847026 0.850565 0.853962 0.857564 0.861032 0.864295 0.867588 0.870879 0.874109 0.877430 0.880491 0.883541 0.886607 0.889601 0.892611 0.895575 0.898448 0.901395 0.904004 0.906973 0.909919 0.912846 0.915443 
0.500000 0.506258 0.511819 0.517425 0.523131 0.528833 0.534505 0.540062 0.545784 0.551346 0.556793 0.562333 0.568012 0.573584 0.579030 0.584406 0.589803 0.595378 0.600889 0.606395 0.611792 0.617238 0.622680 0.628040 0.633518 0.638743 0.644039 0.649326 0.654612 0.659882 0.665097 0.670405 0.675661 0.680869 0.686100 0.691161 0.696209 0.701326 0.706312 0.711229 0.716230 0.721335 0.726267 0.731060 0.735951 0.740770 0.745474 0.750259 0.754992 0.759549 0.764179 0.768817 0.773465 0.778027 0.782494 0.787013 0.791374 0.795856 0.800210 0.804538 0.808846 0.813150 0.817392 0.821501 0.825398 0.829497 0.833672 0.837597 0.841506 0.845412 0.849164 0.852892 0.856602 0.860366 0.863914 0.867551 0.871100 0.874559 0.878013 0.881495 0.884811 0.888241 0.891544 0.894843 0.898075 0.901207 0.904321 0.907309 0.910187 0.913034 0.915960 0.918783 0.921586 0.924396 0.927065 0.929763 0.932390 0.935014 0.937622 0.940132 
0.500000 0.505761 0.511986 0.518216 0.524442 0.530608 0.536852 0.542997 0.549147 0.555381 0.561607 0.567703 0.574081 0.580342 0.586402 0.592626 0.598659 0.604806 0.610814 0.616814 0.622752 0.628682 0.634707 0.640639 0.646633 0.652486 0.658356 0.664197 0.669876 0.675598 0.681208 0.686873 0.692556 0.698314 0.703964 0.709451 0.714882 0.720413 0.725794 0.731063 0.736308 0.741386 0.746694 0.752030 0.757182 0.762414 0.767480 0.772298 0.777370 0.782273 0.787044 0.791992 0.796716 0.801466 0.806134 0.810882 0.815500 0.819975 0.824498 0.828950 0.833347 0.837591 0.841840 0.846127 0.850324 0.854430 0.858493 0.862529 0.866449 0.870408 0.874111 0.877821 0.881509 0.885172 0.888870 0.892375 0.895798 0.899213 0.902661 0.905990 0.909217 0.912398 0.915560 0.918683 0.921605 0.924583 0.927415 0.930229 0.933019 0.935774 0.938372 0.940966 0.943648 0.946301 0.948698 0.951009 0.953283 0.955657 0.957878 0.960077 
0.500000 0.506952 0.513786 0.520611 0.527436 0.534268 0.541111 0.548041 0.554746 0.561508 0.568166 0.574927 0.581541 0.588217 0.594999 0.601727 0.608409 0.615005 0.621709 0.628230 0.634887 0.641373 0.647722 0.654125 0.660476 0.666852 0.673228 0.679598 0.685861 0.692210 0.698432 0.704391 0.710473 0.716462 0.722514 0.728367 0.734146 0.739958 0.745804 0.751584 0.757333 0.763063 0.768578 0.774154 0.779575 0.784996 0.790224 0.795476 0.800735 0.805673 0.810696 0.815674 0.820605 0.825456 0.830294 0.835141 0.839867 0.844484 0.849007 0.853453 0.857970 0.862345 0.866580 0.870720 0.874813 0.878903 0.882943 0.886825 0.890648 0.894428 0.898129 0.901812 0.905421 0.908888 0.912311 0.915553 0.918869 0.922041 0.925191 0.928206 0.931185 0.934080 0.936867 0.939650 0.942446 0.945038 0.947614 0.950155 0.952680 0.955036 0.957359 0.959653 0.961871 0.963955 0.965991 0.967979 0.969871 0.971648 0.973506 0.975138 
0.500000 0.507389 0.514973 0.522558 0.530132 0.537593 0.545084 0.552504 0.559777 0.567237 0.574757 0.582092 0.589335 0.596571 0.603708 0.611058 0.618382 0.625375 0.632474 0.639734 0.646738 0.653759 0.660700 0.667682 0.674520 0.681396 0.688096 0.694836 0.701627 0.708377 0.714863 0.721361 0.727873 0.734389 0.740847 0.747006 0.753105 0.759210 0.765154 0.771183 0.777166 0.782829 0.788593 0.794349 0.799913 0.805502 0.811055 0.816416 0.821797 0.826994 0.832137 0.837334 0.842410 0.847331 0.852215 0.857047 0.861678 0.866345 0.870799 0.875152 0.879516 0.883948 0.888166 0.892138 0.896120 0.900059 0.903884 0.907607 0.911286 0.914918 0.918306 0.921772 0.925048 0.928349 0.931585 0.934753 0.937758 0.940704 0.943588 0.946336 0.949078 0.951545 0.953979 0.956357 0.958646 0.960886 0.963128 0.965336 0.967314 0.969274 0.971189 0.973033 0.974851 0.976551 0.978240 0.979781 0.981298 0.982771 0.984278 0.985595 
0.500000 0.507982 0.516213 0.524438 0.532455 0.540607 0.548779 0.556765 0.564995 0.572995 0.581008 0.589014 0.597005 0.605022 0.613000 0.620860 0.628627 0.636418 0.644198 0.651833 0.659583 0.667044 0.674484 0.681781 0.689295 0.696596 0.703801 0.710989 0.717993 0.724970 0.731870 0.738832 0.745599 0.752278 0.758960 0.765630 0.772256 0.778714 0.785117 0.791299 0.797347 0.803353 0.809234 0.815072 0.820921 0.826396 0.831938 0.837578 0.842946 0.848171 0.853348 0.858402 0.863398 0.868209 0.873073 0.877769 0.882342 0.886875 0.891296 0.895561 0.899812 0.903957 0.907975 0.911776 0.915576 0.919266 0.922833 0.926368 0.929812 0.933080 0.936273 0.939298 0.942310 0.945215 0.948099 0.950833 0.953499 0.955998 0.958395 0.960782 0.963087 0.965248 0.967379 0.969413 0.971417 0.973305 0.975171 0.976865 0.978559 0.980188 0.981679 0.983177 0.984573 0.985918 0.987176 0.988303 0.989399 0.990467 0.991451 0.992459 
0.500000 0.508766 0.517597 0.526509 0.535153 0.544033 0.552780 0.561618 0.570405 0.579201 0.587828 0.596551 0.605232 0.613629 0.622132 0.630718 0.639083 0.647486 0.655860 0.664202 0.672341 0.680625 0.688634 0.696629 0.704534 0.712204 0.719912 0.727532 0.735083 0.742434 0.749756 0.757073 0.764375 0.771347 0.778233 0.785123 0.791926 0.798531 0.805025 0.811470 0.817779 0.824051 0.830185 0.836100 0.841899 0.847743 0.853235 0.858766 0.864000 0.869259 0.874539 0.879539 0.884445 0.889348 0.893809 0.898339 0.902755 0.907039 0.911165 0.915133 0.919035 0.922842 0.926557 0.930129 0.933623 0.936954 0.940160 0.943219 0.946241 0.949117 0.951947 0.954710 0.957360 0.959866 0.962285 0.964604 0.966805 0.968923 0.970893 0.972899 0.974779 0.976491 0.978235 0.979789 0.981332 0.982813 0.984210 0.985540 0.986807 0.988023 0.989116 0.990125 0.991139 0.991999 0.992898 0.993744 0.994472 0.995153 0.995795 0.996425 
0.500000 0.509897 0.519435 0.529036 0.538635 0.548236 0.557760 0.567050 0.576623 0.586107 0.595513 0.604912 0.614077 0.623448 0.632631 0.641811 0.650899 0.659927 0.668935 0.677793 0.686514 0.695218 0.703645 0.712157 0.720525 0.728860 0.736948 0.744952 0.752678 0.760392 0.768053 0.775634 0.782967 0.790305 0.797560 0.804617 0.811435 0.818182 0.824662 0.831093 0.837544 0.843692 0.849716 0.855593 0.861336 0.866916 0.872612 0.878058 0.883187 0.888372 0.893377 0.898125 0.902795 0.907368 0.911734 0.916001 0.920134 0.924171 0.928009 0.931699 0.935327 0.938785 0.942123 0.945347 0.948435 0.951426 0.954280 0.957050 0.959619 0.962162 0.964631 0.966925 0.969176 0.971201 0.973252 0.975139 0.976990 0.978786 0.980405 0.981952 0.983393 0.984862 0.986107 0.987339 0.988486 0.989593 0.990552 0.991489 0.992364 0.993157 0.993899 0.994647 0.995255 0.995853 0.996405 0.996926 0.997378 0.997807 0.998154 0.998500 
0.500000 0.510376 0.520753 0.531267 0.541597 0.551993 0.562447 0.572609 0.582865 0.593079 0.603152 0.613107 0.623049 0.632954 0.642841 0.652673 0.662456 0.671913 0.681442 0.690991 0.700266 0.709483 0.718547 0.727444 0.736353 0.744838 0.753413 0.761694 0.769876 0.778007 0.785919 0.793719 0.801218 0.808667 0.816054 0.823198 0.830348 0.837333 0.844126 0.850668 0.857036 0.863222 0.869252 0.875122 0.880853 0.886368 0.891843 0.897112 0.902178 0.907060 0.911797 0.916355 0.920708 0.924867 0.928986 0.932962 0.936770 0.940461 0.943871 0.947238 0.950537 0.953639 0.956593 0.959356 0.961959 0.964437 0.966781 0.969053 0.971273 0.973351 0.975392 0.977262 0.979004 0.980657 0.982229 0.983686 0.985050 0.986290 0.987456 0.988577 0.989654 0.990669 0.991634 0.992478 0.993258 0.993979 0.994705 0.995336 0.995889 0.996395 0.996839 0.997248 0.997668 0.998037 0.998330 0.998607 0.998864 0.999079 0.999253 0.999407 
0.500000 0.511644 0.522823 0.534042 0.545329 0.556615 0.567650 0.578726 0.589648 0.600634 0.611546 0.622291 0.633054 0.643759 0.654225 0.664759 0.675038 0.685232 0.695322 0.705132 0.714916 0.724548 0.734039 0.743428 0.752442 0.761547 0.770474 0.779071 0.787665 0.795859 0.803999 0.812248 0.820017 0.827650 0.835026 0.842334 0.849306 0.856307 0.862947 0.869206 0.875513 0.881694 0.887590 0.893109 0.898675 0.904065 0.909351 0.914422 0.919190 0.923692 0.928185 0.932434 0.936454 0.940427 0.944007 0.947508 0.950880 0.954096 0.957007 0.959815 0.962554 0.965113 0.967696 0.970053 0.972305 0.974458 0.976423 0.978282 0.980024 0.981660 0.983144 0.984618 0.986005 0.987262 0.988453 0.989503 0.990506 0.991487 0.992372 0.993163 0.993891 0.994533 0.995173 0.995729 0.996249 0.996715 0.997129 0.997507 0.997864 0.998180 0.998471 0.998699 0.998907 0.999096 0.999256 0.999400 0.999521 0.999623 0.999736 0.999831 
0.500000 0.511808 0.523973 0.536078 0.548395 0.560476 0.572663 0.584787 0.596825 0.608591 0.620333 0.631881 0.643467 0.654750 0.665860 0.676959 0.687969 0.698780 0.709553 0.720026 0.730436 0.740607 0.750543 0.760355 0.769988 0.779238 0.788463 0.797566 0.806316 0.814764 0.823002 0.831007 0.838765 0.846361 0.853778 0.860921 0.867914 0.874763 0.881387 0.887759 0.893743 0.899582 0.905225 0.910588 0.915639 0.920685 0.925475 0.930148 0.934516 0.938774 0.942786 0.946598 0.950166 0.953680 0.956811 0.959849 0.962807 0.965597 0.968137 0.970625 0.972842 0.975043 0.977126 0.979071 0.980909 0.982612 0.984206 0.985664 0.986988 0.988282 0.989355 0.990366 0.991275 0.992140 0.992960 0.993753 0.994431 0.995046 0.995608 0.996106 0.996605 0.997031 0.997419 0.997779 0.998088 0.998371 0.998635 0.998841 0.999021 0.999172 0.999321 0.999449 0.999558 0.999642 0.999729 0.999792 0.999848 0.999884 0.999923 0.999958 
0.500000 0.513415 0.526530 0.539510 0.552684 0.565836 0.578813 0.591588 0.604315 0.616937 0.629326 0.641715 0.654092 0.666128 0.677967 0.689871 0.701469 0.712804 0.724069 0.735139 0.746029 0.756636 0.767008 0.777215 0.787270 0.797038 0.806427 0.815625 0.824501 0.833289 0.841671 0.849687 0.857577 0.865127 0.872441 0.879367 0.886096 0.892690 0.898959 0.904828 0.910554 0.916111 0.921513 0.926511 0.931377 0.935947 0.940331 0.944396 0.948389 0.952077 0.955541 0.958752 0.961987 0.964984 0.967762 0.970417 0.972894 0.975167 0.977282 0.979297 0.981188 0.982926 0.984514 0.985962 0.987321 0.988592 0.989774 0.990804 0.991801 0.992712 0.993444 0.994151 0.994774 0.995377 0.995941 0.996472 0.996908 0.997309 0.997660 0.997995 0.998284 0.998516 0.998738 0.998936 0.999113 0.999252 0.999365 0.999488 0.999595 0.999673 0.999748 0.999786 0.999840 0.999875 0.999912 0.999935 0.999952 0.999963 0.999977 0.999986 
0.500000 0.513897 0.528097 0.542256 0.556206 0.570241 0.584370 0.598173 0.611558 0.625236 0.638625 0.651916 0.664931 0.677696 0.690174 0.702815 0.715191 0.727148 0.738977 0.750538 0.761943 0.772891 0.783780 0.794201 0.804631 0.814544 0.823938 0.833194 0.842165 0.850813 0.859412 0.867486 0.875105 0.882671 0.889953 0.896930 0.903433 0.909792 0.915709 0.921143 0.926596 0.931816 0.936637 0.941225 0.945779 0.949777 0.953652 0.957287 0.960696 0.963919 0.966955 0.969760 0.972440 0.974853 0.977193 0.979255 0.981187 0.983075 0.984720 0.986318 0.987732 0.989023 0.990177 0.991195 0.992152 0.993066 0.993881 0.994611 0.995254 0.995817 0.996326 0.996809 0.997233 0.997599 0.997945 0.998237 0.998485 0.998719 0.998894 0.999069 0.999215 0.999346 0.999455 0.999541 0.999638 0.999711 0.999763 0.999817 0.999863 0.999889 0.999911 0.999940 0.999950 0.999960 0.999972 0.999979 0.999987 0.999992 0.999997 1.000000 
0.500000 0.515110 0.530450 0.545647 0.560694 0.575808 0.590553 0.605364 0.620187 0.634706 0.649135 0.663436 0.677561 0.691274 0.704600 0.717725 0.730664 0.743224 0.755478 0.767414 0.779266 0.790598 0.801596 0.812189 0.822462 0.832389 0.842011 0.851339 0.860200 0.868914 0.877067 0.884845 0.892383 0.899565 0.906493 0.912968 0.919186 0.925244 0.930819 0.936104 0.940894 0.945540 0.949998 0.954012 0.957902 0.961494 0.964912 0.968079 0.970926 0.973677 0.976169 0.978458 0.980559 0.982477 0.984242 0.985897 0.987368 0.988757 0.989992 0.991112 0.992113 0.993040 0.993917 0.994691 0.995369 0.995989 0.996499 0.996955 0.997398 0.997776 0.998091 0.998364 0.998629 0.998839 0.999039 0.999203 0.999323 0.999439 0.999525 0.999622 0.999681 0.999746 0.999800 0.999837 0.999873 0.999903 0.999921 0.999933 0.999958 0.999966 0.999973 0.999982 0.999987 0.999989 0.999994 0.999996 0.999996 0.999997 0.999997 0.999998 
0.500000 0.517111 0.533558 0.549695 0.565749 0.582013 0.598188 0.614069 0.629583 0.644744 0.660063 0.675035 0.689855 0.704276 0.718418 0.732382 0.745710 0.758954 0.771711 0.784017 0.795993 0.807758 0.818991 0.829872 0.840423 0.850470 0.860047 0.869307 0.878073 0.886431 0.894527 0.902066 0.909332 0.916078 0.922762 0.928871 0.934529 0.939940 0.945035 0.949682 0.953882 0.957904 0.961759 0.965347 0.968641 0.971628 0.974374 0.976962 0.979230 0.981424 0.983413 0.985239 0.986961 0.988408 0.989762 0.990990 0.992108 0.993114 0.993903 0.994668 0.995372 0.995939 0.996471 0.996994 0.997453 0.997835 0.998143 0.998436 0.998661 0.998877 0.999047 0.999216 0.999344 0.999450 0.999532 0.999618 0.999697 0.999757 0.999794 0.999831 0.999873 0.999899 0.999928 0.999942 0.999954 0.999971 0.999977 0.999984 0.999986 0.999992 0.999993 0.999994 0.999994 0.999997 0.999998 0.999999 1.000000 1.000000 1.000000 1.000000 
0.500000 0.517250 0.534794 0.552529 0.569814 0.587207 0.604351 0.621132 0.637784 0.654432 0.670911 0.687158 0.702623 0.717943 0.733001 0.747385 0.761307 0.774849 0.788137 0.800744 0.812985 0.824735 0.836250 0.847056 0.857517 0.867362 0.877006 0.885983 0.894569 0.902795 0.910482 0.917567 0.924241 0.930468 0.936301 0.941927 0.947210 0.952091 0.956701 0.960745 0.964598 0.968109 0.971407 0.974495 0.977216 0.979685 0.981954 0.984022 0.985826 0.987438 0.988941 0.990350 0.991590 0.992648 0.993633 0.994494 0.995232 0.995913 0.996513 0.996985 0.997445 0.997851 0.998147 0.998428 0.998676 0.998923 0.999127 0.999290 0.999422 0.999549 0.999643 0.999701 0.999759 0.999812 0.999846 0.999877 0.999906 0.999928 0.999944 0.999955 0.999964 0.999972 0.999978 0.999982 0.999984 0.999991 0.999994 0.999996 0.999999 1.000000 1.000000 1.000000 1.000000 1.000000 1.000000 1.000000 1.000000 1.000000 1.000000 1.000000 
0.500000 0.518078 0.537343 0.556251 0.575142 0.593715 0.611930 0.630025 0.648031 0.665622 0.682833 0.699713 0.716181 0.732099 0.747550 0.762593 0.777212 0.791246 0.804915 0.817949 0.830283 0.842143 0.853477 0.864172 0.874441 0.884353 0.893642 0.902170 0.910373 0.918162 0.925432 0.932140 0.938481 0.944334 0.949650 0.954529 0.959034 0.963205 0.967027 0.970576 0.973915 0.976953 0.979592 0.982032 0.984198 0.986189 0.987901 0.989441 0.990847 0.992118 0.993226 0.994171 0.995034 0.995774 0.996396 0.996985 0.997432 0.997835 0.998162 0.998456 0.998695 0.998917 0.999097 0.999259 0.999383 0.999509 0.999606 0.999700 0.999757 0.999805 0.999844 0.999884 0.999916 0.999933 0.999947 0.999961 0.999975 0.999985 0.999985 0.999988 0.999993 0.999994 0.999996 0.999996 0.999998 0.999999 0.999999 0.999999 0.999999 0.999999 0.999999 0.999999 1.000000 1.000000 1.000000 1.000000 1.000000 1.000000 1.000000 1.000000 
0.500000 0.520295 0.540744 0.561027 0.581105 0.601033 0.620773 0.640111 0.659157 0.677959 0.695957 0.713570 0.730898 0.747727 0.763871 0.779327 0.794436 0.808771 0.822499 0.835653 0.848230 0.860171 0.871476 0.882303 0.892253 0.901432 0.910217 0.918570 0.926162 0.933217 0.939701 0.945769 0.951467 0.956612 0.961225 0.965484 0.969387 0.973099 0.976248 0.979140 0.981695 0.984065 0.986137 0.988050 0.989674 0.991036 0.992333 0.993435 0.994378 0.995222 0.995938 0.996592 0.997114 0.997562 0.997964 0.998286 0.998591 0.998865 0.999064 0.999241 0.999421 0.999538 0.999634 0.999715 0.999768 0.999818 0.999857 0.999886 0.999918 0.999946 0.999960 0.999971 0.999977 0.999985 0.999989 0.999994 0.999994 0.999994 0.999997 0.999997 0.999998 0.999998 0.999999 0.999999 0.999999 0.999999 0.999999 1.000000 1.000000 1.000000 1.000000 1.000000 1.000000 1.000000 1.000000 1.000000 1.000000 1.000000 1.000000 1.000000 
0.500000 0.522248 0.544030 0.565687 0.587104 0.608212 0.629241 0.650059 0.670286 0.689874 0.708903 0.727417 0.745480 0.763053 0.779679 0.795851 0.811195 0.826054 0.840031 0.853228 0.865649 0.877350 0.888350 0.898679 0.908436 0.917362 0.925622 0.933280 0.940387 0.946863 0.952678 0.957976 0.962897 0.967197 0.971271 0.974903 0.978074 0.981025 0.983607 0.985877 0.987832 0.989537 0.991125 0.992443 0.993581 0.994585 0.995427 0.996177 0.996821 0.997383 0.997841 0.998196 0.998511 0.998801 0.999026 0.999207 0.999379 0.999507 0.999595 0.999676 0.999750 0.999808 0.999855 0.999895 0.999923 0.999940 0.999952 0.999970 0.999979 0.999985 0.999987 0.999992 0.999996 0.999996 0.999996 0.999998 0.999998 0.999998 1.000000 1.000000 1.000000 1.000000 1.000000 1.000000 1.000000 1.000000 1.000000 1.000000 1.000000 1.000000 1.000000 1.000000 1.000000 1.000000 1.000000 1.000000 1.000000 1.000000 1.000000 1.000000 
0.500000 0.523634 0.546988 0.570328 0.593643 0.616212 0.638348 0.660546 0.681961 0.702621 0.722785 0.742239 0.761048 0.779126 0.796400 0.812931 0.828641 0.843383 0.857580 0.870760 0.883038 0.894376 0.904970 0.914776 0.923837 0.932107 0.939798 0.946858 0.953159 0.958753 0.963847 0.968442 0.972717 0.976418 0.979682 0.982527 0.985151 0.987315 0.989272 0.990888 0.992347 0.993613 0.994687 0.995586 0.996369 0.997005 0.997529 0.997990 0.998365 0.998674 0.998928 0.999131 0.999295 0.999437 0.999556 0.999657 0.999741 0.999803 0.999840 0.999884 0.999911 0.999933 0.999951 0.999966 0.999972 0.999978 0.999985 0.999988 0.999994 0.999996 0.999998 0.999999 0.999999 0.999999 0.999999 0.999999 1.000000 1.000000 1.000000 1.000000 1.000000 1.000000 1.000000 1.000000 1.000000 1.000000 1.000000 1.000000 1.000000 1.000000 1.000000 1.000000 1.000000 1.000000 1.000000 1.000000 1.000000 1.000000 1.000000 1.000000 
0.500000 0.525909 0.551055 0.575720 0.600444 0.625083 0.648992 0.672257 0.694681 0.716791 0.737697 0.758365 0.777738 0.796372 0.813992 0.830558 0.846296 0.860932 0.874679 0.887256 0.899115 0.910143 0.920046 0.929295 0.937564 0.945125 0.951891 0.958065 0.963614 0.968537 0.973070 0.976908 0.980218 0.983245 0.985829 0.988094 0.989970 0.991553 0.992996 0.994232 0.995256 0.996085 0.996817 0.997407 0.997885 0.998317 0.998669 0.998950 0.999163 0.999336 0.999484 0.999604 0.999698 0.999780 0.999832 0.999874 0.999898 0.999917 0.999934 0.999950 0.999958 0.999966 0.999979 0.999988 0.999992 0.999993 0.999993 0.999994 0.999998 0.999998 0.999999 0.999999 0.999999 0.999999 0.999999 0.999999 1.000000 1.000000 1.000000 1.000000 1.000000 1.000000 1.000000 1.000000 1.000000 1.000000 1.000000 1.000000 1.000000 1.000000 1.000000 1.000000 1.000000 1.000000 1.000000 1.000000 1.000000 1.000000 1.000000 1.000000 
0.500000 0.527032 0.554243 0.580769 0.607024 0.632788 0.658276 0.683228 0.707041 0.730053 0.752290 0.773468 0.793644 0.812521 0.830538 0.847187 0.862898 0.877555 0.890966 0.903364 0.914733 0.925042 0.934456 0.942832 0.950406 0.957165 0.963233 0.968456 0.973141 0.977218 0.980833 0.984042 0.986730 0.988977 0.990911 0.992487 0.993785 0.994959 0.995932 0.996760 0.997397 0.997911 0.998366 0.998743 0.999026 0.999246 0.999420 0.999542 0.999652 0.999749 0.999807 0.999853 0.999884 0.999911 0.999931 0.999948 0.999965 0.999970 0.999982 0.999984 0.999989 0.999994 0.999994 0.999995 0.999997 0.999999 1.000000 1.000000 1.000000 1.000000 1.000000 1.000000 1.000000 1.000000 1.000000 1.000000 1.000000 1.000000 1.000000 1.000000 1.000000 1.000000 1.000000 1.000000 1.000000 1.000000 1.000000 1.000000 1.000000 1.000000 1.000000 1.000000 1.000000 1.000000 1.000000 1.000000 1.000000 1.000000 1.000000 1.000000 
0.500000 0.530295 0.559265 0.588137 0.616236 0.643961 0.670777 0.696754 0.721605 0.745963 0.768825 0.790607 0.811175 0.830536 0.848418 0.865106 0.880554 0.894616 0.907436 0.919105 0.929620 0.939065 0.947507 0.954948 0.961511 0.967314 0.972398 0.976845 0.980692 0.984012 0.986811 0.989198 0.991132 0.992770 0.994200 0.995349 0.996327 0.997111 0.997749 0.998214 0.998615 0.998932 0.999160 0.999354 0.999512 0.999633 0.999719 0.999781 0.999839 0.999878 0.999907 0.999935 0.999953 0.999972 0.999979 0.999986 0.999990 0.999995 0.999997 0.999998 0.999998 0.999999 0.999999 1.000000 1.000000 1.000000 1.000000 1.000000 1.000000 1.000000 1.000000 1.000000 1.000000 1.000000 1.000000 1.000000 1.000000 1.000000 1.000000 1.000000 1.000000 1.000000 1.000000 1.000000 1.000000 1.000000 1.000000 1.000000 1.000000 1.000000 1.000000 1.000000 1.000000 1.000000 1.000000 1.000000 1.000000 1.000000 1.000000 1.000000 
0.500000 0.530486 0.561771 0.592356 0.623002 0.652366 0.680906 0.708503 0.734707 0.760029 0.783783 0.806463 0.827106 0.846732 0.864822 0.881384 0.896358 0.909806 0.922046 0.933029 0.942657 0.951177 0.958691 0.965337 0.971154 0.976008 0.980092 0.983663 0.986752 0.989308 0.991451 0.993119 0.994580 0.995723 0.996613 0.997332 0.997938 0.998408 0.998766 0.999086 0.999307 0.999472 0.999597 0.999710 0.999785 0.999851 0.999903 0.999941 0.999966 0.999974 0.999979 0.999983 0.999990 0.999994 0.999995 0.999996 0.999998 0.999998 0.999998 0.999999 0.999999 0.999999 0.999999 1.000000 1.000000 1.000000 1.000000 1.000000 1.000000 1.000000 1.000000 1.000000 1.000000 1.000000 1.000000 1.000000 1.000000 1.000000 1.000000 1.000000 1.000000 1.000000 1.000000 1.000000 1.000000 1.000000 1.000000 1.000000 1.000000 1.000000 1.000000 1.000000 1.000000 1.000000 1.000000 1.000000 1.000000 1.000000 1.000000 1.000000 
0.500000 0.533971 0.567431 0.600152 0.632380 0.663815 0.694222 0.723516 0.750703 0.776671 0.800911 0.823686 0.844686 0.863946 0.881709 0.897611 0.911963 0.924901 0.936195 0.946080 0.954888 0.962285 0.968831 0.974430 0.979126 0.983084 0.986344 0.989145 0.991431 0.993323 0.994805 0.995912 0.996909 0.997659 0.998262 0.998720 0.999028 0.999270 0.999468 0.999627 0.999731 0.999801 0.999865 0.999904 0.999921 0.999942 0.999958 0.999966 0.999974 0.999982 0.999990 0.999993 0.999997 0.999997 0.999998 0.999998 1.000000 1.000000 1.000000 1.000000 1.000000 1.000000 1.000000 1.000000 1.000000 1.000000 1.000000 1.000000 1.000000 1.000000 1.000000 1.000000 1.000000 1.000000 1.000000 1.000000 1.000000 1.000000 1.000000 1.000000 1.000000 1.000000 1.000000 1.000000 1.000000 1.000000 1.000000 1.000000 1.000000 1.000000 1.000000 1.000000 1.000000 1.000000 1.000000 1.000000 1.000000 1.000000 1.000000 1.000000 
0.500000 0.536344 0.572030 0.607210 0.641813 0.675110 0.706936 0.737435 0.766324 0.793096 0.818166 0.841335 0.862128 0.881257 0.898611 0.913829 0.927336 0.939084 0.949334 0.958327 0.965845 0.972226 0.977542 0.982142 0.985739 0.988757 0.991218 0.993212 0.994755 0.996000 0.996998 0.997760 0.998321 0.998775 0.999123 0.999353 0.999546 0.999666 0.999766 0.999849 0.999902 0.999929 0.999958 0.999971 0.999978 0.999987 0.999996 0.999997 0.999997 0.999998 1.000000 1.000000 1.000000 1.000000 1.000000 1.000000 1.000000 1.000000 1.000000 1.000000 1.000000 1.000000 1.000000 1.000000 1.000000 1.000000 1.000000 1.000000 1.000000 1.000000 1.000000 1.000000 1.000000 1.000000 1.000000 1.000000 1.000000 1.000000 1.000000 1.000000 1.000000 1.000000 1.000000 1.000000 1.000000 1.000000 1.000000 1.000000 1.000000 1.000000 1.000000 1.000000 1.000000 1.000000 1.000000 1.000000 1.000000 1.000000 1.000000 1.000000 
0.500000 0.538132 0.576343 0.614164 0.650758 0.686042 0.719731 0.751537 0.781192 0.808986 0.834490 0.857867 0.878494 0.897258 0.913655 0.928042 0.940684 0.951380 0.960381 0.968049 0.974436 0.979798 0.984191 0.987761 0.990571 0.992784 0.994586 0.995945 0.996995 0.997746 0.998395 0.998836 0.999190 0.999450 0.999613 0.999745 0.999842 0.999889 0.999923 0.999953 0.999968 0.999982 0.999990 0.999992 0.999995 0.999997 0.999998 0.999999 1.000000 1.000000 1.000000 1.000000 1.000000 1.000000 1.000000 1.000000 1.000000 1.000000 1.000000 1.000000 1.000000 1.000000 1.000000 1.000000 1.000000 1.000000 1.000000 1.000000 1.000000 1.000000 1.000000 1.000000 1.000000 1.000000 1.000000 1.000000 1.000000 1.000000 1.000000 1.000000 1.000000 1.000000 1.000000 1.000000 1.000000 1.000000 1.000000 1.000000 1.000000 1.000000 1.000000 1.000000 1.000000 1.000000 1.000000 1.000000 1.000000 1.000000 1.000000 1.000000 
0.500000 0.541232 0.582573 0.622476 0.661666 0.699063 0.734635 0.767686 0.798297 0.826417 0.851855 0.874620 0.894775 0.912685 0.928033 0.941314 0.952463 0.961980 0.969874 0.976550 0.981906 0.986137 0.989482 0.992110 0.994173 0.995640 0.996800 0.997673 0.998363 0.998834 0.999209 0.999459 0.999652 0.999764 0.999841 0.999888 0.999930 0.999962 0.999980 0.999986 0.999991 0.999995 0.999998 0.999999 1.000000 1.000000 1.000000 1.000000 1.000000 1.000000 1.000000 1.000000 1.000000 1.000000 1.000000 1.000000 1.000000 1.000000 1.000000 1.000000 1.000000 1.000000 1.000000 1.000000 1.000000 1.000000 1.000000 1.000000 1.000000 1.000000 1.000000 1.000000 1.000000 1.000000 1.000000 1.000000 1.000000 1.000000 1.000000 1.000000 1.000000 1.000000 1.000000 1.000000 1.000000 1.000000 1.000000 1.000000 1.000000 1.000000 1.000000 1.000000 1.000000 1.000000 1.000000 1.000000 1.000000 1.000000 1.000000 1.000000 
0.500000 0.544240 0.587996 0.631155 0.672793 0.712184 0.748991 0.783252 0.814830 0.843211 0.868861 0.891363 0.910730 0.927416 0.941720 0.953655 0.963715 0.971835 0.978376 0.983600 0.987643 0.990889 0.993267 0.995137 0.996532 0.997542 0.998320 0.998851 0.999239 0.999493 0.999679 0.999791 0.999867 0.999913 0.999946 0.999960 0.999978 0.999988 0.999991 0.999996 0.999998 0.999998 0.999999 1.000000 1.000000 1.000000 1.000000 1.000000 1.000000 1.000000 1.000000 1.000000 1.000000 1.000000 1.000000 1.000000 1.000000 1.000000 1.000000 1.000000 1.000000 1.000000 1.000000 1.000000 1.000000 1.000000 1.000000 1.000000 1.000000 1.000000 1.000000 1.000000 1.000000 1.000000 1.000000 1.000000 1.000000 1.000000 1.000000 1.000000 1.000000 1.000000 1.000000 1.000000 1.000000 1.000000 1.000000 1.000000 1.000000 1.000000 1.000000 1.000000 1.000000 1.000000 1.000000 1.000000 1.000000 1.000000 1.000000 1.000000 
0.500000 0.547690 0.594628 0.640415 0.684379 0.725621 0.764169 0.799308 0.831376 0.859924 0.885110 0.906720 0.925347 0.940758 0.953691 0.964332 0.972947 0.979879 0.985088 0.989120 0.992162 0.994427 0.996090 0.997286 0.998172 0.998786 0.999213 0.999476 0.999659 0.999778 0.999863 0.999914 0.999947 0.999970 0.999985 0.999992 0.999998 0.999999 0.999999 1.000000 1.000000 1.000000 1.000000 1.000000 1.000000 1.000000 1.000000 1.000000 1.000000 1.000000 1.000000 1.000000 1.000000 1.000000 1.000000 1.000000 1.000000 1.000000 1.000000 1.000000 1.000000 1.000000 1.000000 1.000000 1.000000 1.000000 1.000000 1.000000 1.000000 1.000000 1.000000 1.000000 1.000000 1.000000 1.000000 1.000000 1.000000 1.000000 1.000000 1.000000 1.000000 1.000000 1.000000 1.000000 1.000000 1.000000 1.000000 1.000000 1.000000 1.000000 1.000000 1.000000 1.000000 1.000000 1.000000 1.000000 1.000000 1.000000 1.000000 1.000000 
0.500000 0.550989 0.601557 0.650454 0.697079 0.740611 0.780485 0.816630 0.848851 0.876856 0.901057 0.921769 0.938817 0.952909 0.964441 0.973579 0.980623 0.985995 0.989933 0.992909 0.995157 0.996691 0.997765 0.998547 0.999083 0.999416 0.999644 0.999780 0.999873 0.999920 0.999956 0.999977 0.999981 0.999984 0.999995 0.999998 0.999998 0.999999 1.000000 1.000000 1.000000 1.000000 1.000000 1.000000 1.000000 1.000000 1.000000 1.000000 1.000000 1.000000 1.000000 1.000000 1.000000 1.000000 1.000000 1.000000 1.000000 1.000000 1.000000 1.000000 1.000000 1.000000 1.000000 1.000000 1.000000 1.000000 1.000000 1.000000 1.000000 1.000000 1.000000 1.000000 1.000000 1.000000 1.000000 1.000000 1.000000 1.000000 1.000000 1.000000 1.000000 1.000000 1.000000 1.000000 1.000000 1.000000 1.000000 1.000000 1.000000 1.000000 1.000000 1.000000 1.000000 1.000000 1.000000 1.000000 1.000000 1.000000 1.000000 1.000000 
0.500000 0.554701 0.608568 0.660259 0.709085 0.754781 0.795941 0.832816 0.865029 0.892937 0.916371 0.935673 0.951136 0.963761 0.973416 0.980900 0.986605 0.990786 0.993762 0.995862 0.997279 0.998239 0.998872 0.999275 0.999535 0.999725 0.999834 0.999914 0.999948 0.999970 0.999985 0.999994 0.999998 0.999999 0.999999 0.999999 0.999999 0.999999 1.000000 1.000000 1.000000 1.000000 1.000000 1.000000 1.000000 1.000000 1.000000 1.000000 1.000000 1.000000 1.000000 1.000000 1.000000 1.000000 1.000000 1.000000 1.000000 1.000000 1.000000 1.000000 1.000000 1.000000 1.000000 1.000000 1.000000 1.000000 1.000000 1.000000 1.000000 1.000000 1.000000 1.000000 1.000000 1.000000 1.000000 1.000000 1.000000 1.000000 1.000000 1.000000 1.000000 1.000000 1.000000 1.000000 1.000000 1.000000 1.000000 1.000000 1.000000 1.000000 1.000000 1.000000 1.000000 1.000000 1.000000 1.000000 1.000000 1.000000 1.000000 1.000000 
0.500000 0.558929 0.616823 0.671652 0.722991 0.770406 0.812817 0.850380 0.882342 0.908888 0.930858 0.948415 0.962213 0.972934 0.981025 0.987003 0.991173 0.994220 0.996335 0.997659 0.998526 0.999113 0.999475 0.999690 0.999833 0.999905 0.999947 0.999977 0.999986 0.999994 0.999998 0.999998 0.999999 1.000000 1.000000 1.000000 1.000000 1.000000 1.000000 1.000000 1.000000 1.000000 1.000000 1.000000 1.000000 1.000000 1.000000 1.000000 1.000000 1.000000 1.000000 1.000000 1.000000 1.000000 1.000000 1.000000 1.000000 1.000000 1.000000 1.000000 1.000000 1.000000 1.000000 1.000000 1.000000 1.000000 1.000000 1.000000 1.000000 1.000000 1.000000 1.000000 1.000000 1.000000 1.000000 1.000000 1.000000 1.000000 1.000000 1.000000 1.000000 1.000000 1.000000 1.000000 1.000000 1.000000 1.000000 1.000000 1.000000 1.000000 1.000000 1.000000 1.000000 1.000000 1.000000 1.000000 1.000000 1.000000 1.000000 1.000000 
0.500000 0.563050 0.624581 0.682955 0.737570 0.786857 0.830025 0.867191 0.898231 0.923768 0.944029 0.959784 0.971891 0.980755 0.987144 0.991558 0.994638 0.996620 0.997967 0.998809 0.999280 0.999561 0.999773 0.999881 0.999929 0.999957 0.999969 0.999980 0.999996 0.999998 0.999999 1.000000 1.000000 1.000000 1.000000 1.000000 1.000000 1.000000 1.000000 1.000000 1.000000 1.000000 1.000000 1.000000 1.000000 1.000000 1.000000 1.000000 1.000000 1.000000 1.000000 1.000000 1.000000 1.000000 1.000000 1.000000 1.000000 1.000000 1.000000 1.000000 1.000000 1.000000 1.000000 1.000000 1.000000 1.000000 1.000000 1.000000 1.000000 1.000000 1.000000 1.000000 1.000000 1.000000 1.000000 1.000000 1.000000 1.000000 1.000000 1.000000 1.000000 1.000000 1.000000 1.000000 1.000000 1.000000 1.000000 1.000000 1.000000 1.000000 1.000000 1.000000 1.000000 1.000000 1.000000 1.000000 1.000000 1.000000 1.000000 1.000000 
0.500000 0.567252 0.632614 0.694838 0.751658 0.802301 0.846512 0.883788 0.913793 0.937601 0.956160 0.969835 0.979771 0.986787 0.991678 0.994811 0.996908 0.998192 0.998985 0.999447 0.999720 0.999865 0.999942 0.999966 0.999988 0.999996 0.999999 0.999999 1.000000 1.000000 1.000000 1.000000 1.000000 1.000000 1.000000 1.000000 1.000000 1.000000 1.000000 1.000000 1.000000 1.000000 1.000000 1.000000 1.000000 1.000000 1.000000 1.000000 1.000000 1.000000 1.000000 1.000000 1.000000 1.000000 1.000000 1.000000 1.000000 1.000000 1.000000 1.000000 1.000000 1.000000 1.000000 1.000000 1.000000 1.000000 1.000000 1.000000 1.000000 1.000000 1.000000 1.000000 1.000000 1.000000 1.000000 1.000000 1.000000 1.000000 1.000000 1.000000 1.000000 1.000000 1.000000 1.000000 1.000000 1.000000 1.000000 1.000000 1.000000 1.000000 1.000000 1.000000 1.000000 1.000000 1.000000 1.000000 1.000000 1.000000 1.000000 1.000000 
0.500000 0.572143 0.642117 0.707525 0.766884 0.819103 0.863170 0.899202 0.927679 0.949697 0.966160 0.977896 0.985883 0.991274 0.994785 0.997048 0.998365 0.999111 0.999537 0.999760 0.999882 0.999946 0.999976 0.999990 0.999994 0.999997 0.999997 1.000000 1.000000 1.000000 1.000000 1.000000 1.000000 1.000000 1.000000 1.000000 1.000000 1.000000 1.000000 1.000000 1.000000 1.000000 1.000000 1.000000 1.000000 1.000000 1.000000 1.000000 1.000000 1.000000 1.000000 1.000000 1.000000 1.000000 1.000000 1.000000 1.000000 1.000000 1.000000 1.000000 1.000000 1.000000 1.000000 1.000000 1.000000 1.000000 1.000000 1.000000 1.000000 1.000000 1.000000 1.000000 1.000000 1.000000 1.000000 1.000000 1.000000 1.000000 1.000000 1.000000 1.000000 1.000000 1.000000 1.000000 1.000000 1.000000 1.000000 1.000000 1.000000 1.000000 1.000000 1.000000 1.000000 1.000000 1.000000 1.000000 1.000000 1.000000 1.000000 1.000000 
0.500000 0.577646 0.652052 0.721254 0.783130 0.836140 0.879815 0.914848 0.941611 0.961260 0.975132 0.984480 0.990618 0.994475 0.996929 0.998373 0.999166 0.999584 0.999788 0.999908 0.999956 0.999977 0.999983 0.999997 1.000000 1.000000 1.000000 1.000000 1.000000 1.000000 1.000000 1.000000 1.000000 1.000000 1.000000 1.000000 1.000000 1.000000 1.000000 1.000000 1.000000 1.000000 1.000000 1.000000 1.000000 1.000000 1.000000 1.000000 1.000000 1.000000 1.000000 1.000000 1.000000 1.000000 1.000000 1.000000 1.000000 1.000000 1.000000 1.000000 1.000000 1.000000 1.000000 1.000000 1.000000 1.000000 1.000000 1.000000 1.000000 1.000000 1.000000 1.000000 1.000000 1.000000 1.000000 1.000000 1.000000 1.000000 1.000000 1.000000 1.000000 1.000000 1.000000 1.000000 1.000000 1.000000 1.000000 1.000000 1.000000 1.000000 1.000000 1.000000 1.000000 1.000000 1.000000 1.000000 1.000000 1.000000 1.000000 1.000000 
0.500000 0.583073 0.662406 0.735518 0.799528 0.853152 0.896291 0.929234 0.953519 0.970402 0.981936 0.989550 0.994100 0.996818 0.998330 0.999161 0.999610 0.999820 0.999934 0.999965 0.999986 0.999992 0.999999 1.000000 1.000000 1.000000 1.000000 1.000000 1.000000 1.000000 1.000000 1.000000 1.000000 1.000000 1.000000 1.000000 1.000000 1.000000 1.000000 1.000000 1.000000 1.000000 1.000000 1.000000 1.000000 1.000000 1.000000 1.000000 1.000000 1.000000 1.000000 1.000000 1.000000 1.000000 1.000000 1.000000 1.000000 1.000000 1.000000 1.000000 1.000000 1.000000 1.000000 1.000000 1.000000 1.000000 1.000000 1.000000 1.000000 1.000000 1.000000 1.000000 1.000000 1.000000 1.000000 1.000000 1.000000 1.000000 1.000000 1.000000 1.000000 1.000000 1.000000 1.000000 1.000000 1.000000 1.000000 1.000000 1.000000 1.000000 1.000000 1.000000 1.000000 1.000000 1.000000 1.000000 1.000000 1.000000 1.000000 1.000000 
0.500000 0.589095 0.673676 0.750070 0.815921 0.870034 0.911673 0.942398 0.964097 0.978706 0.987889 0.993480 0.996610 0.998287 0.999188 0.999667 0.999859 0.999938 0.999970 0.999988 0.999995 0.999998 0.999999 0.999999 1.000000 1.000000 1.000000 1.000000 1.000000 1.000000 1.000000 1.000000 1.000000 1.000000 1.000000 1.000000 1.000000 1.000000 1.000000 1.000000 1.000000 1.000000 1.000000 1.000000 1.000000 1.000000 1.000000 1.000000 1.000000 1.000000 1.000000 1.000000 1.000000 1.000000 1.000000 1.000000 1.000000 1.000000 1.000000 1.000000 1.000000 1.000000 1.000000 1.000000 1.000000 1.000000 1.000000 1.000000 1.000000 1.000000 1.000000 1.000000 1.000000 1.000000 1.000000 1.000000 1.000000 1.000000 1.000000 1.000000 1.000000 1.000000 1.000000 1.000000 1.000000 1.000000 1.000000 1.000000 1.000000 1.000000 1.000000 1.000000 1.000000 1.000000 1.000000 1.000000 1.000000 1.000000 1.000000 1.000000 
0.500000 0.596001 0.685743 0.765871 0.833131 0.886216 0.926252 0.954493 0.973645 0.985194 0.992177 0.996079 0.998117 0.999148 0.999637 0.999870 0.999954 0.999985 0.999997 1.000000 1.000000 1.000000 1.000000 1.000000 1.000000 1.000000 1.000000 1.000000 1.000000 1.000000 1.000000 1.000000 1.000000 1.000000 1.000000 1.000000 1.000000 1.000000 1.000000 1.000000 1.000000 1.000000 1.000000 1.000000 1.000000 1.000000 1.000000 1.000000 1.000000 1.000000 1.000000 1.000000 1.000000 1.000000 1.000000 1.000000 1.000000 1.000000 1.000000 1.000000 1.000000 1.000000 1.000000 1.000000 1.000000 1.000000 1.000000 1.000000 1.000000 1.000000 1.000000 1.000000 1.000000 1.000000 1.000000 1.000000 1.000000 1.000000 1.000000 1.000000 1.000000 1.000000 1.000000 1.000000 1.000000 1.000000 1.000000 1.000000 1.000000 1.000000 1.000000 1.000000 1.000000 1.000000 1.000000 1.000000 1.000000 1.000000 1.000000 1.000000 
0.500000 0.602092 0.697573 0.780936 0.849448 0.901654 0.939560 0.965177 0.980878 0.990105 0.995224 0.997784 0.999070 0.999625 0.999868 0.999959 0.999987 0.999993 0.999996 0.999999 1.000000 1.000000 1.000000 1.000000 1.000000 1.000000 1.000000 1.000000 1.000000 1.000000 1.000000 1.000000 1.000000 1.000000 1.000000 1.000000 1.000000 1.000000 1.000000 1.000000 1.000000 1.000000 1.000000 1.000000 1.000000 1.000000 1.000000 1.000000 1.000000 1.000000 1.000000 1.000000 1.000000 1.000000 1.000000 1.000000 1.000000 1.000000 1.000000 1.000000 1.000000 1.000000 1.000000 1.000000 1.000000 1.000000 1.000000 1.000000 1.000000 1.000000 1.000000 1.000000 1.000000 1.000000 1.000000 1.000000 1.000000 1.000000 1.000000 1.000000 1.000000 1.000000 1.000000 1.000000 1.000000 1.000000 1.000000 1.000000 1.000000 1.000000 1.000000 1.000000 1.000000 1.000000 1.000000 1.000000 1.000000 1.000000 1.000000 1.000000 
0.500000 0.609066 0.710498 0.797117 0.866785 0.917672 0.952164 0.974123 0.986841 0.993703 0.997239 0.998874 0.999577 0.999853 0.999951 0.999984 0.999997 0.999999 0.999999 1.000000 1.000000 1.000000 1.000000 1.000000 1.000000 1.000000 1.000000 1.000000 1.000000 1.000000 1.000000 1.000000 1.000000 1.000000 1.000000 1.000000 1.000000 1.000000 1.000000 1.000000 1.000000 1.000000 1.000000 1.000000 1.000000 1.000000 1.000000 1.000000 1.000000 1.000000 1.000000 1.000000 1.000000 1.000000 1.000000 1.000000 1.000000 1.000000 1.000000 1.000000 1.000000 1.000000 1.000000 1.000000 1.000000 1.000000 1.000000 1.000000 1.000000 1.000000 1.000000 1.000000 1.000000 1.000000 1.000000 1.000000 1.000000 1.000000 1.000000 1.000000 1.000000 1.000000 1.000000 1.000000 1.000000 1.000000 1.000000 1.000000 1.000000 1.000000 1.000000 1.000000 1.000000 1.000000 1.000000 1.000000 1.000000 1.000000 1.000000 1.000000 
0.500000 0.616751 0.724203 0.814412 0.883552 0.932044 0.962988 0.981093 0.991265 0.996250 0.998512 0.999481 0.999840 0.999956 0.999985 0.999994 1.000000 1.000000 1.000000 1.000000 1.000000 1.000000 1.000000 1.000000 1.000000 1.000000 1.000000 1.000000 1.000000 1.000000 1.000000 1.000000 1.000000 1.000000 1.000000 1.000000 1.000000 1.000000 1.000000 1.000000 1.000000 1.000000 1.000000 1.000000 1.000000 1.000000 1.000000 1.000000 1.000000 1.000000 1.000000 1.000000 1.000000 1.000000 1.000000 1.000000 1.000000 1.000000 1.000000 1.000000 1.000000 1.000000 1.000000 1.000000 1.000000 1.000000 1.000000 1.000000 1.000000 1.000000 1.000000 1.000000 1.000000 1.000000 1.000000 1.000000 1.000000 1.000000 1.000000 1.000000 1.000000 1.000000 1.000000 1.000000 1.000000 1.000000 1.000000 1.000000 1.000000 1.000000 1.000000 1.000000 1.000000 1.000000 1.000000 1.000000 1.000000 1.000000 1.000000 1.000000 
0.500000 0.624126 0.737432 0.830099 0.898790 0.944591 0.972296 0.987281 0.994647 0.997941 0.999298 0.999774 0.999927 0.999974 0.999995 0.999996 0.999999 1.000000 1.000000 1.000000 1.000000 1.000000 1.000000 1.000000 1.000000 1.000000 1.000000 1.000000 1.000000 1.000000 1.000000 1.000000 1.000000 1.000000 1.000000 1.000000 1.000000 1.000000 1.000000 1.000000 1.000000 1.000000 1.000000 1.000000 1.000000 1.000000 1.000000 1.000000 1.000000 1.000000 1.000000 1.000000 1.000000 1.000000 1.000000 1.000000 1.000000 1.000000 1.000000 1.000000 1.000000 1.000000 1.000000 1.000000 1.000000 1.000000 1.000000 1.000000 1.000000 1.000000 1.000000 1.000000 1.000000 1.000000 1.000000 1.000000 1.000000 1.000000 1.000000 1.000000 1.000000 1.000000 1.000000 1.000000 1.000000 1.000000 1.000000 1.000000 1.000000 1.000000 1.000000 1.000000 1.000000 1.000000 1.000000 1.000000 1.000000 1.000000 1.000000 1.000000 
0.500000 0.633846 0.753420 0.847888 0.914709 0.956821 0.980114 0.991774 0.996931 0.998953 0.999688 0.999924 0.999985 0.999997 1.000000 1.000000 1.000000 1.000000 1.000000 1.000000 1.000000 1.000000 1.000000 1.000000 1.000000 1.000000 1.000000 1.000000 1.000000 1.000000 1.000000 1.000000 1.000000 1.000000 1.000000 1.000000 1.000000 1.000000 1.000000 1.000000 1.000000 1.000000 1.000000 1.000000 1.000000 1.000000 1.000000 1.000000 1.000000 1.000000 1.000000 1.000000 1.000000 1.000000 1.000000 1.000000 1.000000 1.000000 1.000000 1.000000 1.000000 1.000000 1.000000 1.000000 1.000000 1.000000 1.000000 1.000000 1.000000 1.000000 1.000000 1.000000 1.000000 1.000000 1.000000 1.000000 1.000000 1.000000 1.000000 1.000000 1.000000 1.000000 1.000000 1.000000 1.000000 1.000000 1.000000 1.000000 1.000000 1.000000 1.000000 1.000000 1.000000 1.000000 1.000000 1.000000 1.000000 1.000000 1.000000 1.000000 
0.500000 0.643231 0.768120 0.864484 0.929138 0.966968 0.986139 0.994817 0.998344 0.999531 0.999893 0.999972 0.999995 1.000000 1.000000 1.000000 1.000000 1.000000 1.000000 1.000000 1.000000 1.000000 1.000000 1.000000 1.000000 1.000000 1.000000 1.000000 1.000000 1.000000 1.000000 1.000000 1.000000 1.000000 1.000000 1.000000 1.000000 1.000000 1.000000 1.000000 1.000000 1.000000 1.000000 1.000000 1.000000 1.000000 1.000000 1.000000 1.000000 1.000000 1.000000 1.000000 1.000000 1.000000 1.000000 1.000000 1.000000 1.000000 1.000000 1.000000 1.000000 1.000000 1.000000 1.000000 1.000000 1.000000 1.000000 1.000000 1.000000 1.000000 1.000000 1.000000 1.000000 1.000000 1.000000 1.000000 1.000000 1.000000 1.000000 1.000000 1.000000 1.000000 1.000000 1.000000 1.000000 1.000000 1.000000 1.000000 1.000000 1.000000 1.000000 1.000000 1.000000 1.000000 1.000000 1.000000 1.000000 1.000000 1.000000 1.000000 
0.500000 0.652901 0.784628 0.880935 0.942262 0.975455 0.990803 0.997096 0.999229 0.999812 0.999965 0.999995 0.999997 0.999998 1.000000 1.000000 1.000000 1.000000 1.000000 1.000000 1.000000 1.000000 1.000000 1.000000 1.000000 1.000000 1.000000 1.000000 1.000000 1.000000 1.000000 1.000000 1.000000 1.000000 1.000000 1.000000 1.000000 1.000000 1.000000 1.000000 1.000000 1.000000 1.000000 1.000000 1.000000 1.000000 1.000000 1.000000 1.000000 1.000000 1.000000 1.000000 1.000000 1.000000 1.000000 1.000000 1.000000 1.000000 1.000000 1.000000 1.000000 1.000000 1.000000 1.000000 1.000000 1.000000 1.000000 1.000000 1.000000 1.000000 1.000000 1.000000 1.000000 1.000000 1.000000 1.000000 1.000000 1.000000 1.000000 1.000000 1.000000 1.000000 1.000000 1.000000 1.000000 1.000000 1.000000 1.000000 1.000000 1.000000 1.000000 1.000000 1.000000 1.000000 1.000000 1.000000 1.000000 1.000000 1.000000 1.000000 
0.500000 0.663892 0.801253 0.897889 0.954542 0.982583 0.994414 0.998428 0.999646 0.999919 0.999979 0.999995 0.999999 0.999999 0.999999 0.999999 0.999999 0.999999 0.999999 0.999999 0.999999 0.999999 0.999999 0.999999 0.999999 0.999999 0.999999 0.999999 0.999999 0.999999 0.999999 0.999999 0.999999 0.999999 0.999999 0.999999 0.999999 0.999999 0.999999 0.999999 0.999999 0.999999 0.999999 0.999999 0.999999 0.999999 0.999999 0.999999 0.999999 0.999999 0.999999 0.999999 0.999999 0.999999 0.999999 0.999999 0.999999 0.999999 0.999999 0.999999 0.999999 0.999999 0.999999 0.999999 0.999999 0.999999 0.999999 0.999999 0.999999 0.999999 0.999999 0.999999 0.999999 0.999999 0.999999 0.999999 0.999999 0.999999 0.999999 0.999999 0.999999 0.999999 0.999999 0.999999 0.999999 0.999999 0.999999 0.999999 0.999999 0.999999 0.999999 0.999999 0.999999 0.999999 0.999999 0.999999 0.999999 0.999999 0.999999 0.999999 
0.500000 0.674463 0.816952 0.912700 0.964759 0.988094 0.996713 0.999246 0.999863 0.999979 0.999996 0.999998 1.000000 1.000000 1.000000 1.000000 1.000000 1.000000 1.000000 1.000000 1.000000 1.000000 1.000000 1.000000 1.000000 1.000000 1.000000 1.000000 1.000000 1.000000 1.000000 1.000000 1.000000 1.000000 1.000000 1.000000 1.000000 1.000000 1.000000 1.000000 1.000000 1.000000 1.000000 1.000000 1.000000 1.000000 1.000000 1.000000 1.000000 1.000000 1.000000 1.000000 1.000000 1.000000 1.000000 1.000000 1.000000 1.000000 1.000000 1.000000 1.000000 1.000000 1.000000 1.000000 1.000000 1.000000 1.000000 1.000000 1.000000 1.000000 1.000000 1.000000 1.000000 1.000000 1.000000 1.000000 1.000000 1.000000 1.000000 1.000000 1.000000 1.000000 1.000000 1.000000 1.000000 1.000000 1.000000 1.000000 1.000000 1.000000 1.000000 1.000000 1.000000 1.000000 1.000000 1.000000 1.000000 1.000000 1.000000 1.000000 
0.500000 0.686479 0.834692 0.927430 0.974059 0.992538 0.998194 0.999656 0.999961 0.999994 1.000000 1.000000 1.000000 1.000000 1.000000 1.000000 1.000000 1.000000 1.000000 1.000000 1.000000 1.000000 1.000000 1.000000 1.000000 1.000000 1.000000 1.000000 1.000000 1.000000 1.000000 1.000000 1.000000 1.000000 1.000000 1.000000 1.000000 1.000000 1.000000 1.000000 1.000000 1.000000 1.000000 1.000000 1.000000 1.000000 1.000000 1.000000 1.000000 1.000000 1.000000 1.000000 1.000000 1.000000 1.000000 1.000000 1.000000 1.000000 1.000000 1.000000 1.000000 1.000000 1.000000 1.000000 1.000000 1.000000 1.000000 1.000000 1.000000 1.000000 1.000000 1.000000 1.000000 1.000000 1.000000 1.000000 1.000000 1.000000 1.000000 1.000000 1.000000 1.000000 1.000000 1.000000 1.000000 1.000000 1.000000 1.000000 1.000000 1.000000 1.000000 1.000000 1.000000 1.000000 1.000000 1.000000 1.000000 1.000000 1.000000 1.000000 
0.500000 0.698518 0.851042 0.940726 0.981349 0.995364 0.999027 0.999864 0.999986 0.999999 1.000000 1.000000 1.000000 1.000000 1.000000 1.000000 1.000000 1.000000 1.000000 1.000000 1.000000 1.000000 1.000000 1.000000 1.000000 1.000000 1.000000 1.000000 1.000000 1.000000 1.000000 1.000000 1.000000 1.000000 1.000000 1.000000 1.000000 1.000000 1.000000 1.000000 1.000000 1.000000 1.000000 1.000000 1.000000 1.000000 1.000000 1.000000 1.000000 1.000000 1.000000 1.000000 1.000000 1.000000 1.000000 1.000000 1.000000 1.000000 1.000000 1.000000 1.000000 1.000000 1.000000 1.000000 1.000000 1.000000 1.000000 1.000000 1.000000 1.000000 1.000000 1.000000 1.000000 1.000000 1.000000 1.000000 1.000000 1.000000 1.000000 1.000000 1.000000 1.000000 1.000000 1.000000 1.000000 1.000000 1.000000 1.000000 1.000000 1.000000 1.000000 1.000000 1.000000 1.000000 1.000000 1.000000 1.000000 1.000000 1.000000 1.000000 
0.500000 0.711133 0.867702 0.952867 0.987180 0.997246 0.999597 0.999952 0.999995 0.999996 1.000000 1.000000 1.000000 1.000000 1.000000 1.000000 1.000000 1.000000 1.000000 1.000000 1.000000 1.000000 1.000000 1.000000 1.000000 1.000000 1.000000 1.000000 1.000000 1.000000 1.000000 1.000000 1.000000 1.000000 1.000000 1.000000 1.000000 1.000000 1.000000 1.000000 1.000000 1.000000 1.000000 1.000000 1.000000 1.000000 1.000000 1.000000 1.000000 1.000000 1.000000 1.000000 1.000000 1.000000 1.000000 1.000000 1.000000 1.000000 1.000000 1.000000 1.000000 1.000000 1.000000 1.000000 1.000000 1.000000 1.000000 1.000000 1.000000 1.000000 1.000000 1.000000 1.000000 1.000000 1.000000 1.000000 1.000000 1.000000 1.000000 1.000000 1.000000 1.000000 1.000000 1.000000 1.000000 1.000000 1.000000 1.000000 1.000000 1.000000 1.000000 1.000000 1.000000 1.000000 1.000000 1.000000 1.000000 1.000000 1.000000 1.000000 
0.500000 0.725362 0.884405 0.963747 0.991602 0.998581 0.999838 0.999987 1.000000 1.000000 1.000000 1.000000 1.000000 1.000000 1.000000 1.000000 1.000000 1.000000 1.000000 1.000000 1.000000 1.000000 1.000000 1.000000 1.000000 1.000000 1.000000 1.000000 1.000000 1.000000 1.000000 1.000000 1.000000 1.000000 1.000000 1.000000 1.000000 1.000000 1.000000 1.000000 1.000000 1.000000 1.000000 1.000000 1.000000 1.000000 1.000000 1.000000 1.000000 1.000000 1.000000 1.000000 1.000000 1.000000 1.000000 1.000000 1.000000 1.000000 1.000000 1.000000 1.000000 1.000000 1.000000 1.000000 1.000000 1.000000 1.000000 1.000000 1.000000 1.000000 1.000000 1.000000 1.000000 1.000000 1.000000 1.000000 1.000000 1.000000 1.000000 1.000000 1.000000 1.000000 1.000000 1.000000 1.000000 1.000000 1.000000 1.000000 1.000000 1.000000 1.000000 1.000000 1.000000 1.000000 1.000000 1.000000 1.000000 1.000000 1.000000 1.000000 
0.500000 0.739688 0.900657 0.972796 0.994860 0.999315 0.999945 0.999998 1.000000 1.000000 1.000000 1.000000 1.000000 1.000000 1.000000 1.000000 1.000000 1.000000 1.000000 1.000000 1.000000 1.000000 1.000000 1.000000 1.000000 1.000000 1.000000 1.000000 1.000000 1.000000 1.000000 1.000000 1.000000 1.000000 1.000000 1.000000 1.000000 1.000000 1.000000 1.000000 1.000000 1.000000 1.000000 1.000000 1.000000 1.000000 1.000000 1.000000 1.000000 1.000000 1.000000 1.000000 1.000000 1.000000 1.000000 1.000000 1.000000 1.000000 1.000000 1.000000 1.000000 1.000000 1.000000 1.000000 1.000000 1.000000 1.000000 1.000000 1.000000 1.000000 1.000000 1.000000 1.000000 1.000000 1.000000 1.000000 1.000000 1.000000 1.000000 1.000000 1.000000 1.000000 1.000000 1.000000 1.000000 1.000000 1.000000 1.000000 1.000000 1.000000 1.000000 1.000000 1.000000 1.000000 1.000000 1.000000 1.000000 1.000000 1.000000 1.000000 
0.500000 0.753539 0.915539 0.980540 0.997089 0.999715 0.999977 0.999998 1.000000 1.000000 1.000000 1.000000 1.000000 1.000000 1.000000 1.000000 1.000000 1.000000 1.000000 1.000000 1.000000 1.000000 1.000000 1.000000 1.000000 1.000000 1.000000 1.000000 1.000000 1.000000 1.000000 1.000000 1.000000 1.000000 1.000000 1.000000 1.000000 1.000000 1.000000 1.000000 1.000000 1.000000 1.000000 1.000000 1.000000 1.000000 1.000000 1.000000 1.000000 1.000000 1.000000 1.000000 1.000000 1.000000 1.000000 1.000000 1.000000 1.000000 1.000000 1.000000 1.000000 1.000000 1.000000 1.000000 1.000000 1.000000 1.000000 1.000000 1.000000 1.000000 1.000000 1.000000 1.000000 1.000000 1.000000 1.000000 1.000000 1.000000 1.000000 1.000000 1.000000 1.000000 1.000000 1.000000 1.000000 1.000000 1.000000 1.000000 1.000000 1.000000 1.000000 1.000000 1.000000 1.000000 1.000000 1.000000 1.000000 1.000000 1.000000 1.000000 
0.500000 0.769975 0.929815 0.986468 0.998428 0.999903 0.999999 1.000000 1.000000 1.000000 1.000000 1.000000 1.000000 1.000000 1.000000 1.000000 1.000000 1.000000 1.000000 1.000000 1.000000 1.000000 1.000000 1.000000 1.000000 1.000000 1.000000 1.000000 1.000000 1.000000 1.000000 1.000000 1.000000 1.000000 1.000000 1.000000 1.000000 1.000000 1.000000 1.000000 1.000000 1.000000 1.000000 1.000000 1.000000 1.000000 1.000000 1.000000 1.000000 1.000000 1.000000 1.000000 1.000000 1.000000 1.000000 1.000000 1.000000 1.000000 1.000000 1.000000 1.000000 1.000000 1.000000 1.000000 1.000000 1.000000 1.000000 1.000000 1.000000 1.000000 1.000000 1.000000 1.000000 1.000000 1.000000 1.000000 1.000000 1.000000 1.000000 1.000000 1.000000 1.000000 1.000000 1.000000 1.000000 1.000000 1.000000 1.000000 1.000000 1.000000 1.000000 1.000000 1.000000 1.000000 1.000000 1.000000 1.000000 1.000000 1.000000 1.000000 
0.500000 0.785466 0.943247 0.991296 0.999205 0.999965 0.999999 1.000000 1.000000 1.000000 1.000000 1.000000 1.000000 1.000000 1.000000 1.000000 1.000000 1.000000 1.000000 1.000000 1.000000 1.000000 1.000000 1.000000 1.000000 1.000000 1.000000 1.000000 1.000000 1.000000 1.000000 1.000000 1.000000 1.000000 1.000000 1.000000 1.000000 1.000000 1.000000 1.000000 1.000000 1.000000 1.000000 1.000000 1.000000 1.000000 1.000000 1.000000 1.000000 1.000000 1.000000 1.000000 1.000000 1.000000 1.000000 1.000000 1.000000 1.000000 1.000000 1.000000 1.000000 1.000000 1.000000 1.000000 1.000000 1.000000 1.000000 1.000000 1.000000 1.000000 1.000000 1.000000 1.000000 1.000000 1.000000 1.000000 1.000000 1.000000 1.000000 1.000000 1.000000 1.000000 1.000000 1.000000 1.000000 1.000000 1.000000 1.000000 1.000000 1.000000 1.000000 1.000000 1.000000 1.000000 1.000000 1.000000 1.000000 1.000000 1.000000 1.000000 
0.500000 0.801347 0.954865 0.994438 0.999659 0.999991 1.000000 1.000000 1.000000 1.000000 1.000000 1.000000 1.000000 1.000000 1.000000 1.000000 1.000000 1.000000 1.000000 1.000000 1.000000 1.000000 1.000000 1.000000 1.000000 1.000000 1.000000 1.000000 1.000000 1.000000 1.000000 1.000000 1.000000 1.000000 1.000000 1.000000 1.000000 1.000000 1.000000 1.000000 1.000000 1.000000 1.000000 1.000000 1.000000 1.000000 1.000000 1.000000 1.000000 1.000000 1.000000 1.000000 1.000000 1.000000 1.000000 1.000000 1.000000 1.000000 1.000000 1.000000 1.000000 1.000000 1.000000 1.000000 1.000000 1.000000 1.000000 1.000000 1.000000 1.000000 1.000000 1.000000 1.000000 1.000000 1.000000 1.000000 1.000000 1.000000 1.000000 1.000000 1.000000 1.000000 1.000000 1.000000 1.000000 1.000000 1.000000 1.000000 1.000000 1.000000 1.000000 1.000000 1.000000 1.000000 1.000000 1.000000 1.000000 1.000000 1.000000 1.000000 
0.500000 0.817844 0.965510 0.996907 0.999849 0.999997 1.000000 1.000000 1.000000 1.000000 1.000000 1.000000 1.000000 1.000000 1.000000 1.000000 1.000000 1.000000 1.000000 1.000000 1.000000 1.000000 1.000000 1.000000 1.000000 1.000000 1.000000 1.000000 1.000000 1.000000 1.000000 1.000000 1.000000 1.000000 1.000000 1.000000 1.000000 1.000000 1.000000 1.000000 1.000000 1.000000 1.000000 1.000000 1.000000 1.000000 1.000000 1.000000 1.000000 1.000000 1.000000 1.000000 1.000000 1.000000 1.000000 1.000000 1.000000 1.000000 1.000000 1.000000 1.000000 1.000000 1.000000 1.000000 1.000000 1.000000 1.000000 1.000000 1.000000 1.000000 1.000000 1.000000 1.000000 1.000000 1.000000 1.000000 1.000000 1.000000 1.000000 1.000000 1.000000 1.000000 1.000000 1.000000 1.000000 1.000000 1.000000 1.000000 1.000000 1.000000 1.000000 1.000000 1.000000 1.000000 1.000000 1.000000 1.000000 1.000000 1.000000 1.000000 
0.500000 0.835059 0.974341 0.998345 0.999952 1.000000 1.000000 1.000000 1.000000 1.000000 1.000000 1.000000 1.000000 1.000000 1.000000 1.000000 1.000000 1.000000 1.000000 1.000000 1.000000 1.000000 1.000000 1.000000 1.000000 1.000000 1.000000 1.000000 1.000000 1.000000 1.000000 1.000000 1.000000 1.000000 1.000000 1.000000 1.000000 1.000000 1.000000 1.000000 1.000000 1.000000 1.000000 1.000000 1.000000 1.000000 1.000000 1.000000 1.000000 1.000000 1.000000 1.000000 1.000000 1.000000 1.000000 1.000000 1.000000 1.000000 1.000000 1.000000 1.000000 1.000000 1.000000 1.000000 1.000000 1.000000 1.000000 1.000000 1.000000 1.000000 1.000000 1.000000 1.000000 1.000000 1.000000 1.000000 1.000000 1.000000 1.000000 1.000000 1.000000 1.000000 1.000000 1.000000 1.000000 1.000000 1.000000 1.000000 1.000000 1.000000 1.000000 1.000000 1.000000 1.000000 1.000000 1.000000 1.000000 1.000000 1.000000 1.000000 
0.500000 0.851706 0.981793 0.999150 0.999988 1.000000 1.000000 1.000000 1.000000 1.000000 1.000000 1.000000 1.000000 1.000000 1.000000 1.000000 1.000000 1.000000 1.000000 1.000000 1.000000 1.000000 1.000000 1.000000 1.000000 1.000000 1.000000 1.000000 1.000000 1.000000 1.000000 1.000000 1.000000 1.000000 1.000000 1.000000 1.000000 1.000000 1.000000 1.000000 1.000000 1.000000 1.000000 1.000000 1.000000 1.000000 1.000000 1.000000 1.000000 1.000000 1.000000 1.000000 1.000000 1.000000 1.000000 1.000000 1.000000 1.000000 1.000000 1.000000 1.000000 1.000000 1.000000 1.000000 1.000000 1.000000 1.000000 1.000000 1.000000 1.000000 1.000000 1.000000 1.000000 1.000000 1.000000 1.000000 1.000000 1.000000 1.000000 1.000000 1.000000 1.000000 1.000000 1.000000 1.000000 1.000000 1.000000 1.000000 1.000000 1.000000 1.000000 1.000000 1.000000 1.000000 1.000000 1.000000 1.000000 1.000000 1.000000 1.000000 
0.500000 0.869107 0.987592 0.999638 0.999993 1.000000 1.000000 1.000000 1.000000 1.000000 1.000000 1.000000 1.000000 1.000000 1.000000 1.000000 1.000000 1.000000 1.000000 1.000000 1.000000 1.000000 1.000000 1.000000 1.000000 1.000000 1.000000 1.000000 1.000000 1.000000 1.000000 1.000000 1.000000 1.000000 1.000000 1.000000 1.000000 1.000000 1.000000 1.000000 1.000000 1.000000 1.000000 1.000000 1.000000 1.000000 1.000000 1.000000 1.000000 1.000000 1.000000 1.000000 1.000000 1.000000 1.000000 1.000000 1.000000 1.000000 1.000000 1.000000 1.000000 1.000000 1.000000 1.000000 1.000000 1.000000 1.000000 1.000000 1.000000 1.000000 1.000000 1.000000 1.000000 1.000000 1.000000 1.000000 1.000000 1.000000 1.000000 1.000000 1.000000 1.000000 1.000000 1.000000 1.000000 1.000000 1.000000 1.000000 1.000000 1.000000 1.000000 1.000000 1.000000 1.000000 1.000000 1.000000 1.000000 1.000000 1.000000 1.000000 
0.500000 0.885584 0.991931 0.999860 1.000000 1.000000 1.000000 1.000000 1.000000 1.000000 1.000000 1.000000 1.000000 1.000000 1.000000 1.000000 1.000000 1.000000 1.000000 1.000000 1.000000 1.000000 1.000000 1.000000 1.000000 1.000000 1.000000 1.000000 1.000000 1.000000 1.000000 1.000000 1.000000 1.000000 1.000000 1.000000 1.000000 1.000000 1.000000 1.000000 1.000000 1.000000 1.000000 1.000000 1.000000 1.000000 1.000000 1.000000 1.000000 1.000000 1.000000 1.000000 1.000000 1.000000 1.000000 1.000000 1.000000 1.000000 1.000000 1.000000 1.000000 1.000000 1.000000 1.000000 1.000000 1.000000 1.000000 1.000000 1.000000 1.000000 1.000000 1.000000 1.000000 1.000000 1.000000 1.000000 1.000000 1.000000 1.000000 1.000000 1.000000 1.000000 1.000000 1.000000 1.000000 1.000000 1.000000 1.000000 1.000000 1.000000 1.000000 1.000000 1.000000 1.000000 1.000000 1.000000 1.000000 1.000000 1.000000 1.000000 
0.500000 0.901583 0.994996 0.999948 1.000000 1.000000 1.000000 1.000000 1.000000 1.000000 1.000000 1.000000 1.000000 1.000000 1.000000 1.000000 1.000000 1.000000 1.000000 1.000000 1.000000 1.000000 1.000000 1.000000 1.000000 1.000000 1.000000 1.000000 1.000000 1.000000 1.000000 1.000000 1.000000 1.000000 1.000000 1.000000 1.000000 1.000000 1.000000 1.000000 1.000000 1.000000 1.000000 1.000000 1.000000 1.000000 1.000000 1.000000 1.000000 1.000000 1.000000 1.000000 1.000000 1.000000 1.000000 1.000000 1.000000 1.000000 1.000000 1.000000 1.000000 1.000000 1.000000 1.000000 1.000000 1.000000 1.000000 1.000000 1.000000 1.000000 1.000000 1.000000 1.000000 1.000000 1.000000 1.000000 1.000000 1.000000 1.000000 1.000000 1.000000 1.000000 1.000000 1.000000 1.000000 1.000000 1.000000 1.000000 1.000000 1.000000 1.000000 1.000000 1.000000 1.000000 1.000000 1.000000 1.000000 1.000000 1.000000 1.000000 
0.500000 0.916273 0.997214 0.999982 1.000000 1.000000 1.000000 1.000000 1.000000 1.000000 1.000000 1.000000 1.000000 1.000000 1.000000 1.000000 1.000000 1.000000 1.000000 1.000000 1.000000 1.000000 1.000000 1.000000 1.000000 1.000000 1.000000 1.000000 1.000000 1.000000 1.000000 1.000000 1.000000 1.000000 1.000000 1.000000 1.000000 1.000000 1.000000 1.000000 1.000000 1.000000 1.000000 1.000000 1.000000 1.000000 1.000000 1.000000 1.000000 1.000000 1.000000 1.000000 1.000000 1.000000 1.000000 1.000000 1.000000 1.000000 1.000000 1.000000 1.000000 1.000000 1.000000 1.000000 1.000000 1.000000 1.000000 1.000000 1.000000 1.000000 1.000000 1.000000 1.000000 1.000000 1.000000 1.000000 1.000000 1.000000 1.000000 1.000000 1.000000 1.000000 1.000000 1.000000 1.000000 1.000000 1.000000 1.000000 1.000000 1.000000 1.000000 1.000000 1.000000 1.000000 1.000000 1.000000 1.000000 1.000000 1.000000 1.000000 
0.500000 0.930533 0.998500 0.999994 1.000000 1.000000 1.000000 1.000000 1.000000 1.000000 1.000000 1.000000 1.000000 1.000000 1.000000 1.000000 1.000000 1.000000 1.000000 1.000000 1.000000 1.000000 1.000000 1.000000 1.000000 1.000000 1.000000 1.000000 1.000000 1.000000 1.000000 1.000000 1.000000 1.000000 1.000000 1.000000 1.000000 1.000000 1.000000 1.000000 1.000000 1.000000 1.000000 1.000000 1.000000 1.000000 1.000000 1.000000 1.000000 1.000000 1.000000 1.000000 1.000000 1.000000 1.000000 1.000000 1.000000 1.000000 1.000000 1.000000 1.000000 1.000000 1.000000 1.000000 1.000000 1.000000 1.000000 1.000000 1.000000 1.000000 1.000000 1.000000 1.000000 1.000000 1.000000 1.000000 1.000000 1.000000 1.000000 1.000000 1.000000 1.000000 1.000000 1.000000 1.000000 1.000000 1.000000 1.000000 1.000000 1.000000 1.000000 1.000000 1.000000 1.000000 1.000000 1.000000 1.000000 1.000000 1.000000 1.000000 
0.500000 0.944085 0.999269 1.000000 1.000000 1.000000 1.000000 1.000000 1.000000 1.000000 1.000000 1.000000 1.000000 1.000000 1.000000 1.000000 1.000000 1.000000 1.000000 1.000000 1.000000 1.000000 1.000000 1.000000 1.000000 1.000000 1.000000 1.000000 1.000000 1.000000 1.000000 1.000000 1.000000 1.000000 1.000000 1.000000 1.000000 1.000000 1.000000 1.000000 1.000000 1.000000 1.000000 1.000000 1.000000 1.000000 1.000000 1.000000 1.000000 1.000000 1.000000 1.000000 1.000000 1.000000 1.000000 1.000000 1.000000 1.000000 1.000000 1.000000 1.000000 1.000000 1.000000 1.000000 1.000000 1.000000 1.000000 1.000000 1.000000 1.000000 1.000000 1.000000 1.000000 1.000000 1.000000 1.000000 1.000000 1.000000 1.000000 1.000000 1.000000 1.000000 1.000000 1.000000 1.000000 1.000000 1.000000 1.000000 1.000000 1.000000 1.000000 1.000000 1.000000 1.000000 1.000000 1.000000 1.000000 1.000000 1.000000 1.000000 
0.500000 0.955912 0.999674 1.000000 1.000000 1.000000 1.000000 1.000000 1.000000 1.000000 1.000000 1.000000 1.000000 1.000000 1.000000 1.000000 1.000000 1.000000 1.000000 1.000000 1.000000 1.000000 1.000000 1.000000 1.000000 1.000000 1.000000 1.000000 1.000000 1.000000 1.000000 1.000000 1.000000 1.000000 1.000000 1.000000 1.000000 1.000000 1.000000 1.000000 1.000000 1.000000 1.000000 1.000000 1.000000 1.000000 1.000000 1.000000 1.000000 1.000000 1.000000 1.000000 1.000000 1.000000 1.000000 1.000000 1.000000 1.000000 1.000000 1.000000 1.000000 1.000000 1.000000 1.000000 1.000000 1.000000 1.000000 1.000000 1.000000 1.000000 1.000000 1.000000 1.000000 1.000000 1.000000 1.000000 1.000000 1.000000 1.000000 1.000000 1.000000 1.000000 1.000000 1.000000 1.000000 1.000000 1.000000 1.000000 1.000000 1.000000 1.000000 1.000000 1.000000 1.000000 1.000000 1.000000 1.000000 1.000000 1.000000 1.000000 
0.500000 0.966039 0.999875 1.000000 1.000000 1.000000 1.000000 1.000000 1.000000 1.000000 1.000000 1.000000 1.000000 1.000000 1.000000 1.000000 1.000000 1.000000 1.000000 1.000000 1.000000 1.000000 1.000000 1.000000 1.000000 1.000000 1.000000 1.000000 1.000000 1.000000 1.000000 1.000000 1.000000 1.000000 1.000000 1.000000 1.000000 1.000000 1.000000 1.000000 1.000000 1.000000 1.000000 1.000000 1.000000 1.000000 1.000000 1.000000 1.000000 1.000000 1.000000 1.000000 1.000000 1.000000 1.000000 1.000000 1.000000 1.000000 1.000000 1.000000 1.000000 1.000000 1.000000 1.000000 1.000000 1.000000 1.000000 1.000000 1.000000 1.000000 1.000000 1.000000 1.000000 1.000000 1.000000 1.000000 1.000000 1.000000 1.000000 1.000000 1.000000 1.000000 1.000000 1.000000 1.000000 1.000000 1.000000 1.000000 1.000000 1.000000 1.000000 1.000000 1.000000 1.000000 1.000000 1.000000 1.000000 1.000000 1.000000 1.000000 
0.500000 0.974945 0.999948 1.000000 1.000000 1.000000 1.000000 1.000000 1.000000 1.000000 1.000000 1.000000 1.000000 1.000000 1.000000 1.000000 1.000000 1.000000 1.000000 1.000000 1.000000 1.000000 1.000000 1.000000 1.000000 1.000000 1.000000 1.000000 1.000000 1.000000 1.000000 1.000000 1.000000 1.000000 1.000000 1.000000 1.000000 1.000000 1.000000 1.000000 1.000000 1.000000 1.000000 1.000000 1.000000 1.000000 1.000000 1.000000 1.000000 1.000000 1.000000 1.000000 1.000000 1.000000 1.000000 1.000000 1.000000 1.000000 1.000000 1.000000 1.000000 1.000000 1.000000 1.000000 1.000000 1.000000 1.000000 1.000000 1.000000 1.000000 1.000000 1.000000 1.000000 1.000000 1.000000 1.000000 1.000000 1.000000 1.000000 1.000000 1.000000 1.000000 1.000000 1.000000 1.000000 1.000000 1.000000 1.000000 1.000000 1.000000 1.000000 1.000000 1.000000 1.000000 1.000000 1.000000 1.000000 1.000000 1.000000 1.000000 
0.500000 0.981886 0.999987 1.000000 1.000000 1.000000 1.000000 1.000000 1.000000 1.000000 1.000000 1.000000 1.000000 1.000000 1.000000 1.000000 1.000000 1.000000 1.000000 1.000000 1.000000 1.000000 1.000000 1.000000 1.000000 1.000000 1.000000 1.000000 1.000000 1.000000 1.000000 1.000000 1.000000 1.000000 1.000000 1.000000 1.000000 1.000000 1.000000 1.000000 1.000000 1.000000 1.000000 1.000000 1.000000 1.000000 1.000000 1.000000 1.000000 1.000000 1.000000 1.000000 1.000000 1.000000 1.000000 1.000000 1.000000 1.000000 1.000000 1.000000 1.000000 1.000000 1.000000 1.000000 1.000000 1.000000 1.000000 1.000000 1.000000 1.000000 1.000000 1.000000 1.000000 1.000000 1.000000 1.000000 1.000000 1.000000 1.000000 1.000000 1.000000 1.000000 1.000000 1.000000 1.000000 1.000000 1.000000 1.000000 1.000000 1.000000 1.000000 1.000000 1.000000 1.000000 1.000000 1.000000 1.000000 1.000000 1.000000 1.000000 
0.500000 0.987860 0.999994 1.000000 1.000000 1.000000 1.000000 1.000000 1.000000 1.000000 1.000000 1.000000 1.000000 1.000000 1.000000 1.000000 1.000000 1.000000 1.000000 1.000000 1.000000 1.000000 1.000000 1.000000 1.000000 1.000000 1.000000 1.000000 1.000000 1.000000 1.000000 1.000000 1.000000 1.000000 1.000000 1.000000 1.000000 1.000000 1.000000 1.000000 1.000000 1.000000 1.000000 1.000000 1.000000 1.000000 1.000000 1.000000 1.000000 1.000000 1.000000 1.000000 1.000000 1.000000 1.000000 1.000000 1.000000 1.000000 1.000000 1.000000 1.000000 1.000000 1.000000 1.000000 1.000000 1.000000 1.000000 1.000000 1.000000 1.000000 1.000000 1.000000 1.000000 1.000000 1.000000 1.000000 1.000000 1.000000 1.000000 1.000000 1.000000 1.000000 1.000000 1.000000 1.000000 1.000000 1.000000 1.000000 1.000000 1.000000 1.000000 1.000000 1.000000 1.000000 1.000000 1.000000 1.000000 1.000000 1.000000 1.000000 
0.500000 0.992302 1.000000 1.000000 1.000000 1.000000 1.000000 1.000000 1.000000 1.000000 1.000000 1.000000 1.000000 1.000000 1.000000 1.000000 1.000000 1.000000 1.000000 1.000000 1.000000 1.000000 1.000000 1.000000 1.000000 1.000000 1.000000 1.000000 1.000000 1.000000 1.000000 1.000000 1.000000 1.000000 1.000000 1.000000 1.000000 1.000000 1.000000 1.000000 1.000000 1.000000 1.000000 1.000000 1.000000 1.000000 1.000000 1.000000 1.000000 1.000000 1.000000 1.000000 1.000000 1.000000 1.000000 1.000000 1.000000 1.000000 1.000000 1.000000 1.000000 1.000000 1.000000 1.000000 1.000000 1.000000 1.000000 1.000000 1.000000 1.000000 1.000000 1.000000 1.000000 1.000000 1.000000 1.000000 1.000000 1.000000 1.000000 1.000000 1.000000 1.000000 1.000000 1.000000 1.000000 1.000000 1.000000 1.000000 1.000000 1.000000 1.000000 1.000000 1.000000 1.000000 1.000000 1.000000 1.000000 1.000000 1.000000 1.000000 
0.500000 0.995151 1.000000 1.000000 1.000000 1.000000 1.000000 1.000000 1.000000 1.000000 1.000000 1.000000 1.000000 1.000000 1.000000 1.000000 1.000000 1.000000 1.000000 1.000000 1.000000 1.000000 1.000000 1.000000 1.000000 1.000000 1.000000 1.000000 1.000000 1.000000 1.000000 1.000000 1.000000 1.000000 1.000000 1.000000 1.000000 1.000000 1.000000 1.000000 1.000000 1.000000 1.000000 1.000000 1.000000 1.000000 1.000000 1.000000 1.000000 1.000000 1.000000 1.000000 1.000000 1.000000 1.000000 1.000000 1.000000 1.000000 1.000000 1.000000 1.000000 1.000000 1.000000 1.000000 1.000000 1.000000 1.000000 1.000000 1.000000 1.000000 1.000000 1.000000 1.000000 1.000000 1.000000 1.000000 1.000000 1.000000 1.000000 1.000000 1.000000 1.000000 1.000000 1.000000 1.000000 1.000000 1.000000 1.000000 1.000000 1.000000 1.000000 1.000000 1.000000 1.000000 1.000000 1.000000 1.000000 1.000000 1.000000 1.000000 
0.500000 0.997311 1.000000 1.000000 1.000000 1.000000 1.000000 1.000000 1.000000 1.000000 1.000000 1.000000 1.000000 1.000000 1.000000 1.000000 1.000000 1.000000 1.000000 1.000000 1.000000 1.000000 1.000000 1.000000 1.000000 1.000000 1.000000 1.000000 1.000000 1.000000 1.000000 1.000000 1.000000 1.000000 1.000000 1.000000 1.000000 1.000000 1.000000 1.000000 1.000000 1.000000 1.000000 1.000000 1.000000 1.000000 1.000000 1.000000 1.000000 1.000000 1.000000 1.000000 1.000000 1.000000 1.000000 1.000000 1.000000 1.000000 1.000000 1.000000 1.000000 1.000000 1.000000 1.000000 1.000000 1.000000 1.000000 1.000000 1.000000 1.000000 1.000000 1.000000 1.000000 1.000000 1.000000 1.000000 1.000000 1.000000 1.000000 1.000000 1.000000 1.000000 1.000000 1.000000 1.000000 1.000000 1.000000 1.000000 1.000000 1.000000 1.000000 1.000000 1.000000 1.000000 1.000000 1.000000 1.000000 1.000000 1.000000 1.000000 
0.500000 0.998493 1.000000 1.000000 1.000000 1.000000 1.000000 1.000000 1.000000 1.000000 1.000000 1.000000 1.000000 1.000000 1.000000 1.000000 1.000000 1.000000 1.000000 1.000000 1.000000 1.000000 1.000000 1.000000 1.000000 1.000000 1.000000 1.000000 1.000000 1.000000 1.000000 1.000000 1.000000 1.000000 1.000000 1.000000 1.000000 1.000000 1.000000 1.000000 1.000000 1.000000 1.000000 1.000000 1.000000 1.000000 1.000000 1.000000 1.000000 1.000000 1.000000 1.000000 1.000000 1.000000 1.000000 1.000000 1.000000 1.000000 1.000000 1.000000 1.000000 1.000000 1.000000 1.000000 1.000000 1.000000 1.000000 1.000000 1.000000 1.000000 1.000000 1.000000 1.000000 1.000000 1.000000 1.000000 1.000000 1.000000 1.000000 1.000000 1.000000 1.000000 1.000000 1.000000 1.000000 1.000000 1.000000 1.000000 1.000000 1.000000 1.000000 1.000000 1.000000 1.000000 1.000000 1.000000 1.000000 1.000000 1.000000 1.000000 
0.500000 0.999289 1.000000 1.000000 1.000000 1.000000 1.000000 1.000000 1.000000 1.000000 1.000000 1.000000 1.000000 1.000000 1.000000 1.000000 1.000000 1.000000 1.000000 1.000000 1.000000 1.000000 1.000000 1.000000 1.000000 1.000000 1.000000 1.000000 1.000000 1.000000 1.000000 1.000000 1.000000 1.000000 1.000000 1.000000 1.000000 1.000000 1.000000 1.000000 1.000000 1.000000 1.000000 1.000000 1.000000 1.000000 1.000000 1.000000 1.000000 1.000000 1.000000 1.000000 1.000000 1.000000 1.000000 1.000000 1.000000 1.000000 1.000000 1.000000 1.000000 1.000000 1.000000 1.000000 1.000000 1.000000 1.000000 1.000000 1.000000 1.000000 1.000000 1.000000 1.000000 1.000000 1.000000 1.000000 1.000000 1.000000 1.000000 1.000000 1.000000 1.000000 1.000000 1.000000 1.000000 1.000000 1.000000 1.000000 1.000000 1.000000 1.000000 1.000000 1.000000 1.000000 1.000000 1.000000 1.000000 1.000000 1.000000 1.000000 